      trialid   learning_rate num_latent_categories     num_latents         vq_beta        vq_decay     validklp       validnll
            189      0.0014715             15              4        0.46377        0.94868         10.832         10.848
            254      0.0035999              9              2         4.5587        0.95303         4.3944         9.2601
            286      0.0035577             10              5         3.6639        0.94329         11.513          11.52
            289      0.0044629             17              4        0.18446        0.97191         11.333         11.334
            310      0.0044176             10              4           2.39        0.93898         9.2103         9.6739
            335      0.0031805              9              3         1.3954        0.94725         6.5917         9.4431
            352      0.0036376             20              2         3.2317        0.92204         5.9915         9.3592
            388      0.0020999             20              1           20.0        0.92927         2.9957         9.2265
            412      0.0039237             20              3       0.096768         0.9059         8.9872         9.6109
            427      0.0026751             13              4         1.2587        0.92847          10.26         10.272
            464      0.0018025             20              4           20.0            0.9         11.983         11.985
            473      0.0047136             13              3         8.0424        0.95283         7.6948         9.6029
            541       0.000804              2              3        0.75859        0.91715         2.0794         9.2212
            556      0.0044691             12              4        0.78579        0.91252         9.9396         9.9512
            593      0.0022264              6              6         0.8988        0.92906         10.751         10.781
           1079      0.0036982             19              2         1.2768        0.93725         5.8889         9.3508
           1089      0.0015341             20              1         5.1889        0.90722         2.9957         9.2237
           1134      0.0016645              8              5         1.0713        0.92446         10.397         10.422
           1377      0.0023438              2              8         4.0494         0.9027         5.5452         9.2953
           1868      0.0035714             12              5        0.13843         0.9369           12.0         12.425
           2086      0.0011508             14              1        0.23731        0.93387         2.6391         9.2236
           2113      0.0020508              5              7         4.2163        0.99759         11.266          11.27
           2235      0.0049114              6              4           20.0        0.96071          7.167         9.4956
           2340      0.0058511             19              4         18.935        0.90184         11.778         11.778
           2361       0.000556              2              1         12.022        0.91719        0.69315         9.2127
           2448      0.0041893              4              5         5.7721        0.97218         6.9315         9.4508
           2569      0.0018943              2              6         5.3246        0.98639         4.1589          9.239
           2646      0.0020585              2              7         6.4552         0.9397          4.852         9.2638
           2700       0.002032              2              5         1.2201        0.94505         3.4657         9.2317
           2719      0.0035768              7              5         1.9745        0.92749         9.7296         9.7906
           2864      0.0021406              9              5        0.62857        0.94104         10.986         10.999
           2878       0.002122              7              6          3.178        0.98272         11.675         11.684
           3002           0.01             18              4           20.0        0.98933         11.561         11.566
           3037      0.0034112             11              5        0.22003            0.9         11.989          11.99
           3235     0.00081434              6              1        0.23665        0.92042         1.7918         9.2164
           3268      0.0036976             11              4         0.4634        0.95763         9.5916         9.7533
           3477      0.0038148              4              8         2.7331         0.9975          11.09         11.094
           3512      0.0038098             16              2         5.9404        0.93044         5.5452         9.3159
           3563      0.0049913             14              4         1.3078        0.92522         10.556         10.559
           3946      0.0011862              2              5         2.9767        0.92739         3.4657         9.2341