      trialid       alpha_dup   learning_rate posterior_div_weight     validklp       validnll
             20          1.906      0.0027653         0.8995          9.573         10.041
             27          1.291       0.008534        0.19126        0.14003           9.21
             75         2.9047      0.0033692        0.52251         8.3477         9.2509
             80         3.4427      0.0065068        0.31864         8.4273         9.2544
             90         5.6494      0.0045865        0.88175         8.7018         9.3634
            124         7.6639      0.0026194       0.012536        0.78462         9.2106
            139         2.9899      0.0048253        0.18143         7.6537         9.2249
            178        0.91018      0.0034478        0.88915         10.706         10.929
            180        0.87504      0.0030338        0.88712         10.683         10.924
            184           0.86       0.003345        0.89917         10.829         11.042
            209           0.86       0.001605        0.90058         11.232         11.419
            232         1.3047      0.0031473         0.9412         11.412         11.552
            245         1.4177      0.0018606        0.89488          10.94         11.168
            249         1.7424      0.0030902        0.95168         11.694         11.829
            251        0.92861      0.0030218        0.88173         10.605         10.857
            255          3.377      0.0049486        0.83421         8.8218         9.4262
            277         2.3695      0.0035077        0.93528         11.078          11.29
            279         1.8871      0.0034577        0.63736         8.4838         9.2768
            280         1.8489      0.0031583        0.95714         11.844         11.967
            284         1.8545       0.003711         0.9444         11.541         11.707
            290         2.0306      0.0018569         0.8814         9.4545         9.9518
            293         1.6955      0.0027643        0.88784         9.5381         10.009
            295         1.7462      0.0018017        0.91121         11.095           11.3
            309         2.1011       0.001978        0.87991         9.2258         9.7775
            315         1.5062      0.0017314        0.87531         10.291         10.563
            319         2.5257      0.0014412        0.91458         10.249         10.524
            322         1.8205      0.0021322        0.91552         10.969         11.185
            328         2.7842      0.0016133        0.92463         11.165         11.376
            336         1.8471      0.0016157        0.91317         11.198         11.387
            339         1.8156      0.0021314        0.90253         10.759         11.012
            346         2.1082      0.0021644        0.90836         10.769         11.016
            347         1.9955       0.002087         0.9222         11.067         11.272
            349         2.1543      0.0017103        0.92844         11.364         11.536
            350         1.9192      0.0022749        0.90348         10.709         10.983
            355         2.2019      0.0018498        0.91651         10.999         11.215
            402         1.0768      0.0024116        0.83729         10.135         10.495
            407         0.9292      0.0020237        0.91828         11.331         11.478
            423         1.6858        0.00239        0.87231          9.474         9.9723
            441         3.6823      0.0028817        0.48891          8.196          9.242
            454        0.91957      0.0026468        0.82629         10.116          10.49
            491          9.006      0.0021051       0.045083         4.9112         9.2114
            517         4.0947      0.0044914        0.66933         8.5629         9.2771
            521         2.2583      0.0029532        0.87696         8.8253         9.4734
            528         1.3691       0.003274        0.88528         10.501         10.803
            555         8.1173      0.0014775        0.01435          1.557         9.2109
            567        0.98236      0.0066748        0.44655         8.6731         9.3238
            575         6.5025      0.0035524        0.52004          8.223         9.2443
            590         1.2446      0.0030954         0.8738         10.416         10.739
            591         13.396      0.0021596        0.40834         7.7434         9.2335
            626         8.1271      0.0020786       0.061854         5.0663         9.2116
            644         1.6627      0.0022633        0.92803         11.231         11.411
            647         2.0185      0.0017926        0.87293          10.36         10.725
            650         1.1808      0.0038169        0.80841         8.8335         9.5058
            657         1.2845      0.0028106        0.84412         10.029         10.449
            660        0.95167      0.0025962        0.88135         10.624         10.885
            677         2.0668      0.0027554        0.89331         9.1818         9.7401
            721         4.1979      0.0028259        0.28326         7.7409          9.231
            782          1.362      0.0034832        0.87052          9.363         9.8819
            791         4.1313      0.0030616        0.68897         8.4662         9.2607
            792         1.6496      0.0036741         0.8851         9.2853          9.873
            808         1.8336      0.0039805        0.90084         9.2828         9.8615
            815         1.7023      0.0020389        0.28233           7.79          9.234
            816         1.1246      0.0020368        0.91116         11.123         11.306
            859         15.802      0.0038373        0.59498         8.2088         9.2434
            866         14.567     0.00041097       0.013873         0.5476         9.2103
            874         1.0366      0.0043207        0.91093         11.038         11.246
            876         1.4112      0.0023756        0.93157         11.297         11.449
            877         6.9441      0.0043771        0.25634         7.8856          9.234
            885         1.1775       0.003278        0.92425         11.141         11.318
            891         15.965      0.0034455       0.043543          5.104         9.2116
            896        0.89583      0.0038008           0.88          10.61         10.879
            914           2.52      0.0021792        0.91195         10.717         11.003
            924         1.0281      0.0040382        0.86899         10.451         10.778
            942         6.4323      0.0039381        0.44909         8.1742         9.2379
            965         3.4423      0.0031707        0.56661         8.3305         9.2483
            979         2.3224      0.0046615        0.65622         8.5736         9.3044
            994         15.328      0.0028357        0.47604         7.9074          9.236
           1007         1.1082      0.0019405        0.93073         11.578          11.72
           1012         2.3132      0.0042263        0.75856         8.5857         9.3192
           1013         1.0921        0.00231        0.93247          11.46         11.597
           1033         2.0605      0.0018146          0.886          10.55         10.852
           1061          2.495      0.0047543        0.12753         7.2449         9.2165
           1065         2.1863      0.0063936        0.77162         9.1225         9.6346
           1089          4.455      0.0081655        0.80341           8.97         9.5774
           1116         1.0931      0.0016233        0.94217         11.966         12.091
           1117         1.6812      0.0054727        0.68674         8.8086         9.4156
           1127         12.084      0.0038252         0.1662         6.7218         9.2139
           1142        0.88691       0.002565        0.95292         11.933         12.034
           1170           0.86      0.0013543        0.91431         11.503         11.682
           1186         3.5657       0.004936        0.78908         8.7527         9.3687
           1191        0.99123      0.0093038        0.83859         9.2397         9.7822
           1222         10.967     0.00048779       0.012702        0.56136         9.2104
           1247         1.1573      0.0021682        0.93383         11.496         11.632
           1291        0.86802      0.0024693        0.94207         11.611         11.723
           1298           0.86      0.0082619        0.56231         8.9355         9.5134
           1343        0.87812      0.0017896         0.9207         11.428         11.575
           1363         1.1905       0.008937        0.63609         8.9368         9.5542
           1409        0.90219       0.007943        0.61465         9.0385         9.6015
           1416         4.8701      0.0067818        0.66864         8.7674         9.3987
           1443         2.2407      0.0015148         0.8739         9.2579         9.8072
           1453          1.074       0.001545        0.77918         9.8461         10.353
           1464         3.1949      0.0017521        0.90913         9.4018         9.9043
           1527         3.6466      0.0016445       0.014998        0.87329         9.2106
           1536        0.89169      0.0033953        0.95395         11.964          12.06
           1553        0.95496      0.0026916        0.95774         11.884         11.974
           1600          0.867      0.0023919        0.94275         11.652         11.769
           1631         11.858     0.00011701        0.01956        0.38222         9.2103
           1639         5.6383      0.0010261        0.90762          9.688         10.317
           1671         8.2093      0.0074779        0.31942         8.2896          9.245
           1749          8.754      0.0039965        0.17263         6.9981         9.2143
           1772          4.982      0.0037249        0.95414         9.8296          10.33
           1813         1.7553      0.0033477        0.14779         7.3928         9.2222
           1814         2.7102      0.0070159        0.24307         8.1224          9.237
           1862         5.6707      0.0034072        0.76113          8.475         9.2661
           1876        0.88808      0.0023244        0.94793         11.815         11.926
           1928         1.0962      0.0018092        0.94884           12.0         12.125
           2032         1.1922      0.0037188        0.95242         11.772         11.883
           2037         7.8183      0.0046344        0.12929         6.4485         9.2121
           2040        0.87345      0.0020942        0.93822         11.749         11.871
           2142        0.86025      0.0098759        0.75377         9.1475         9.7278
           2150         14.537      0.0037372       0.098036         6.0235         9.2119
           2181         4.6627      0.0047549        0.13073         6.5817         9.2135