      trialid   learning_rate posterior_div_weight     validklp       validnll
             11      0.0040343        0.95952         10.295         10.659
             19      0.0080986        0.57785       0.081182         9.2116
             49       0.005251        0.75421         9.0733         9.7441
             79      0.0061426        0.92819         10.129         10.517
             86     0.00010024        0.23537      0.0083152         9.2103
             88     0.00019125       0.028259       0.013803         9.2103
             94      0.0057905        0.35337    -0.00016128         9.2101
            105     0.00091111       0.037825       0.035132         9.2105
            109     0.00057109       0.014866       0.026083         9.2104
            121      0.0058759        0.73871         8.6528         9.5245
            124      0.0044635        0.76675         8.9375         9.6823
            197     0.00056398      0.0086404       0.021239         9.2103
            203      0.0016221        0.11251       0.063677         9.2107
            220      0.0037296        0.64795         8.5549         9.5086
            271      0.0041262        0.66827          8.774         9.6301
            284        0.00277        0.97616         10.891          11.16
            286      0.0022784        0.36299         7.3787         9.2779
            300      0.0025895        0.98963           12.0         12.158
            303     0.00079205       0.019502       0.030354         9.2104
            305      0.0044534         0.9766         11.075         11.333
            307      0.0016444         0.9793          11.52         11.739
            336      0.0035962        0.69415         8.7144         9.5606
            359      0.0036098        0.78984         8.8384         9.6326
            396      0.0051638        0.70528          8.947         9.6827
            403      0.0022837        0.36674         7.4064         9.2832
            437      0.0034843        0.64283         8.4149          9.441
            443      0.0023072        0.37065          7.389         9.2812
            462      0.0024649        0.38554         7.4944         9.2871
            501      0.0014598       0.078783       0.035494         9.2106
            525      0.0045894        0.95802         10.271         10.646
            592      0.0013975        0.97192         11.546         11.785
            647      0.0069374        0.96622         11.462         11.698
            689      0.0023469        0.36182         7.3836         9.2783
            690     0.00012642        0.56421       0.011796         9.2103
            756      0.0042161        0.48415         2.2294         9.2633
            771      0.0013418        0.39771       0.081928         9.2128
            782      0.0062351        0.96896         11.322         11.571
            829      0.0042305        0.48456         2.8999         9.2659
            855      0.0067928        0.95623         11.006         11.294
            895       0.003485        0.95203         10.108         10.509
            901      0.0041824        0.47289          2.121         9.2531
            928      0.0050431        0.30162    -7.7012e-06         9.2102
            969      0.0041394        0.46762         3.2222         9.2665
           1036     0.00021539       0.017017       0.013465         9.2103
           1038      0.0041174        0.46358        0.49565         9.2141
           1063      0.0044875        0.96722         10.545         10.877
           1065      0.0042442        0.69254         8.6667         9.5531
           1089      0.0064438        0.89448          9.855         10.259
           1095      0.0074221        0.86282         9.4522         9.9544
           1142      0.0073941        0.86733         9.6873          10.18
           1144      0.0048988        0.61163         8.5199         9.4788
           1195      0.0070861        0.97304         11.874         12.086
           1202       0.003843        0.47699         8.1436         9.3277
           1235      0.0001172        0.58208       0.006907         9.2103
           1292      0.0046153        0.59517         8.4668         9.4586
           1300      0.0067371        0.96313         11.252         11.511
           1304       0.005273        0.93353         9.9576         10.401
           1353      0.0026247        0.97882         10.998         11.225
           1359      0.0098975        0.95442         10.988         11.204
           1366      0.0037658        0.44376         8.0169         9.3016
           1378      0.0081505        0.94496         10.242         10.568
           1396      0.0056494        0.86362         9.4602         9.9736
           1507      0.0097521        0.94165         10.715         10.969
           1523      0.0042765         0.5401         8.2666         9.3578
           1529      0.0084707        0.95138         10.802         11.065
           1568      0.0050008        0.81944         9.3115         9.8501
           1614      0.0027803       0.025493     0.00019282         9.2103
           1675         0.0001        0.22315      0.0047921         9.2103
           1688      0.0053209        0.95468         10.475         10.818
           1700      0.0047844         0.6003          8.391         9.3865
           1707      0.0046573        0.92262         9.7302         10.211
           1724      0.0058642         0.9533         10.604         10.926
           1734      0.0059779        0.36362     4.8834e-05         9.2103
           1768      0.0048079        0.83413         9.1998         9.8482
           1801      0.0052259        0.10911    -5.4405e-05         9.2102
           1831      0.0052081         0.8848         9.4721         10.018
           1880      0.0012514        0.96337         11.766         12.067
           1919       0.004593        0.56883         8.1998         9.3488
           1945       0.007241        0.50541    -6.3806e-05         9.2102
           1959       0.004578        0.77962         8.8901         9.6333
           1964      0.0014938        0.97813         11.575         11.791
           1965           0.01        0.80384        0.12613         9.2129
           2023      0.0046916        0.61477         8.5505         9.4846
           2026      0.0040557        0.84711         9.1504         9.8164
           2066      0.0030784        0.96585         10.449          10.79
           2120      0.0099795        0.92785         10.023          10.44
           2143       0.004485         0.4951        0.52233         9.2175
           2169      0.0040824        0.44771        0.48346         9.2133
           2184      0.0043526        0.49487         3.6179         9.2736
           2199      0.0035841        0.91157         9.5043         10.074
           2208      0.0079709        0.95164         10.799         11.064
           2231      0.0013652        0.95244         11.146         11.476
           2232      0.0037501        0.94415         9.9065         10.366
           2281      0.0045544        0.80476         9.0233         9.7128
           2283      0.0037823        0.45419         7.6534         9.2904
           2296      0.0039571        0.44339         1.7416         9.2415
           2358      0.0050034        0.89832         9.5523         10.101
           2367      0.0039878        0.46484         3.2474          9.269
           2431      0.0046047        0.20135     5.9337e-05         9.2103
           2465      0.0040415        0.96573         10.429         10.768
           2474       0.004263        0.48592         2.6156         9.2658
           2535      0.0051954       0.069559     4.6522e-06         9.2102
           2545      0.0096832        0.80883         9.5191         10.097
           2552      0.0043262        0.52711         8.2787          9.364
           2608      0.0065446        0.91937          9.836         10.256
           2645      0.0039075        0.76557         8.7669         9.5888