      trialid       alpha_dup   learning_rate posterior_div_weight     validklp       validnll
             45         14.711      0.0053803         0.9609         10.824         11.068
             65         4.7253     0.00038912        0.32133     0.00038231         9.2102
            115         8.2506     0.00065391        0.90111     0.00070218         9.2102
            174         3.2872     0.00057259        0.33515     0.00026774         9.2102
            185         2.7145     0.00075136        0.94638      0.0029934          9.211
            271         2.9794     0.00070676        0.94766      0.0026526         9.2108
            276         2.2299     0.00062156        0.95221      0.0052626          9.212
            277          12.26     0.00085734         0.9434      0.0034716         9.2111
            281         3.0733     0.00069194        0.94887      0.0034821         9.2112
            297         1.9626      0.0005979        0.41934     0.00055703         9.2102
            315         3.7641      0.0019231        0.98376         11.555         11.747
            316          3.854     0.00070434        0.94926       0.010026         9.2142
            373         6.4514      0.0015157        0.93167      0.0022544         9.2108
            380         5.6072      0.0019126        0.94531         10.283         10.626
            382          7.893      0.0027889        0.98797         11.724         11.887
            424         10.125     0.00072425        0.91885      0.0012813         9.2103
            425         3.3687      0.0021451        0.94723         10.232         10.562
            426           1.65        0.00234        0.94472         9.7277          10.03
            433         1.2518      0.0025096        0.98579         11.584         11.768
            438         2.8649      0.0029037        0.94714         10.129         10.391
            451         7.8142      0.0029397         0.9519         10.699         10.965
            470         2.0813      0.0079411         0.9529         1.5172         9.4502
            477         4.7905      0.0011139        0.93137      0.0018143         9.2105
            483         4.9184       0.002724        0.94947         9.8935         10.164
            489          1.691      0.0032798        0.97991         11.109         11.322
            507          1.216      0.0030465        0.94627         10.383         10.668
            510         2.3584      0.0027799        0.97742         10.944         11.183
            512         2.8539      0.0030904        0.94583         9.9609         10.237
            545         3.7712      0.0035285        0.97863         11.075         11.291
            552         2.8464       0.003971        0.98386         11.387         11.592
            563         5.0233       0.004171        0.95495         10.563         10.821
            581         15.889      0.0031692        0.98696         11.617         11.789
            597         4.2276      0.0026113        0.94489         9.8102         10.102
            607         9.8456      0.0036599        0.97771         11.018         11.235
            618         8.7782      0.0032533        0.97041         10.859         11.106
            624         2.3266     0.00064596        0.14714     0.00057708         9.2102
            674         3.8977      0.0033914        0.97321         10.778         11.037
            690         6.7617         0.0001        0.95584      0.0016281         9.2105
            693         1.0982      0.0034398        0.97511         10.845         11.092
            730         10.602      0.0031396        0.94934         9.8561         10.136
            733         5.0724      0.0038206        0.95082         10.671         10.961
            747         1.2662      0.0038088        0.94779         10.264         10.613
            749         9.0297     0.00060569        0.11133     0.00055396         9.2102
            751         7.2396      0.0028112        0.98964         11.907         12.052
            766         11.249      0.0035876        0.97556         10.899         11.132
            776        0.97596      0.0039182         0.9814         11.377         11.577
            781         8.8725      0.0031529        0.97263         10.742         11.006
            793         8.0034      0.0030804        0.96982         10.786         11.041
            799         6.4902      0.0040847        0.96809          10.88         11.117
            807         5.6224     0.00058405       0.093701     0.00054176         9.2102
            812          2.936      0.0036475        0.97288         10.805         11.052
            829         5.9236      0.0043121        0.94726         10.031         10.344
            854         1.1842       0.003482        0.97898         11.305         11.507
            860         3.4157      0.0042348        0.94719         10.009         10.299
            863         2.3619       0.004164        0.97326         10.981         11.213
            873         3.0244      0.0032574        0.97014         10.797          11.05
            911         1.0634      0.0032444         0.9474         9.8471         10.126
            923         2.4943      0.0032252        0.98199         11.234         11.427
            981         1.2025      0.0056359        0.97735         11.487         11.679
            998         5.7505      0.0040167        0.97203         10.933          11.16
           1000           16.0     0.00063678        0.48628     0.00058238         9.2102
           1026         10.997      0.0097413        0.97686         11.992         12.124
           1029         7.6817      0.0045801        0.98091         11.374         11.562
           1068          8.111     0.00095936         0.9351      0.0017275         9.2105
           1091         3.4084      0.0053498        0.97804         11.421         11.613
           1168         3.6236      0.0066551        0.97344         11.102         11.299
           1169         13.941      0.0036187        0.97341         10.797         11.051
           1176         4.7443      0.0036849        0.97381         10.829         11.071
           1222         2.8689      0.0049428        0.97793         11.329          11.54
           1251         7.0181      0.0035241        0.97843         11.054         11.271
           1266          10.89      0.0027153        0.98207         11.255         11.449
           1286         1.3975      0.0032417        0.98493          11.44         11.628
           1291         3.8785      0.0039101        0.98478         11.475         11.668
           1322         9.0763      0.0011282        0.93421      0.0019256         9.2106
           1392         1.2344        0.00305         0.9732         10.753         11.015
           1404         1.6141     0.00058663        0.79824     0.00058788         9.2102
           1431          5.367      0.0014394        0.93236      0.0021926         9.2107
           1433         2.0481      0.0032435        0.94629         9.9734         10.246
           1441         14.131      0.0011205        0.93556      0.0020133         9.2106
           1443         4.4827      0.0038131        0.94609         9.8938         10.204
           1452         1.5843      0.0029563         0.9736         10.766         11.024
           1483         4.9296       0.003716        0.94714         9.8199         10.107
           1489         1.7243     0.00063624       0.096666     0.00057099         9.2102
           1494         5.5177      0.0035565        0.94721         9.7651         10.051
           1508         1.9745      0.0032992        0.95046          9.943         10.212
           1595         5.6506       0.002646        0.94289         10.086         10.383
           1604        0.98255      0.0037252        0.94963         10.487         10.748
           1605         3.0771      0.0032205        0.94709         10.425         10.727
           1631         5.2264       0.003074          0.972         10.731         10.997
           1651         1.5874      0.0033043        0.98529         11.449         11.637
           1705         15.566      0.0033329        0.97523         10.844          11.09
           1707         7.8094     0.00010002        0.95578      0.0015924         9.2105
           1724         1.2448     0.00060117        0.81857      0.0006018         9.2102
           1730         3.0433       0.003625         0.9729         10.782          11.04
           1753         2.1362      0.0040247        0.96798         10.858         11.099
           1771           0.86     0.00059512       0.050054     0.00054688         9.2102
           1858           2.56      0.0030897        0.97231         10.723         10.995
           1868         2.2437      0.0034469        0.97409         10.806         11.054
           1877         14.898      0.0032153        0.94502         9.7892         10.072
           1887         1.4665      0.0029115        0.94492         10.162         10.427
           1888          1.209      0.0019254        0.98384          11.57         11.761
           1914         1.5907      0.0039946         0.9697         10.912         11.141
           1915         7.0378      0.0010517        0.93301      0.0017858         9.2105
           1937         5.5519      0.0033037        0.97145         10.748         11.014
           1943         2.2709      0.0041691        0.97494         11.028          11.25
           1965          1.656       0.004715        0.97955         11.357         11.554
           1981         2.3753       0.003901        0.94778         10.085         10.358
           1994        0.90336     0.00050469        0.41784     0.00025769         9.2101
           2000           16.0      0.0069159        0.98135         11.712         11.874
           2009         12.895     0.00059286        0.87352     0.00062738         9.2102
           2063         13.564      0.0031496        0.97237         10.728         10.996
           2099         1.0602     0.00062476        0.91873      0.0011234         9.2103
           2101         7.7834      0.0030712        0.97796         10.976         11.204
           2111         2.0822      0.0050697        0.98047         11.555         11.743
           2117         1.2496      0.0098431        0.97507         11.769         11.905
           2133         2.2685      0.0036431        0.97976         11.123         11.327
           2205         1.7342      0.0048093         0.9795          11.32         11.516
           2273          9.498      0.0034333        0.97141          10.85         11.094
           2274         15.063       0.003261        0.97872         11.029         11.253
           2275          8.411        0.00286        0.98016         11.103          11.32
           2279         1.4352      0.0024266        0.98414         11.478         11.679
           2310         6.0898      0.0019396        0.98599         11.787         11.953
           2338         1.4241      0.0031702        0.97009         10.775         11.037
           2358         5.3349       0.003202        0.94697         10.229         10.527
           2401         8.2273       0.002921        0.94861         9.8887         10.164
           2433         7.0785      0.0027848        0.94636         10.183         10.451
           2446         1.4211      0.0033172        0.97748         10.935         11.167
           2450        0.95712      0.0011108        0.93474      0.0019367         9.2106
           2461         1.3937      0.0021083        0.98675         11.913         12.088
           2482         2.9166      0.0015784        0.98053         11.788         11.967
           2500         2.3742      0.0030003         0.9424         9.7043         10.018
           2509         2.5744      0.0027279        0.94508         9.9122         10.206
           2513         11.417      0.0041273        0.97996         11.185         11.399
           2520         6.1104      0.0032199        0.94651         10.211         10.513
           2523         15.152      0.0030899        0.94506         9.7619         10.048
           2536         1.2205      0.0032724        0.97352         10.773         11.029
           2565         1.7258      0.0015803        0.98065         11.804         11.983
           2641         8.4051      0.0039272        0.98084         11.236         11.443
           2651         6.1283           0.01        0.97462         11.999         12.142
           2672         14.335     0.00016627         0.9504      0.0017063         9.2105
           2683         7.2046      0.0059085        0.97404         11.386         11.589
           2741         5.4243      0.0023598        0.98253         11.293         11.495
           2761         2.3233     0.00063392      0.0023828     0.00056811         9.2102
           2772         1.1864      0.0031799        0.95142         10.623         10.945
           2773          11.67      0.0034519         0.9756         10.869          11.11
           2797         3.4943       0.003015        0.97605         10.872         11.113
           2869         10.243      0.0026333        0.98318         11.304         11.499
           2892         3.5555      0.0013443        0.93127       0.002057         9.2106
           2902         2.4829      0.0034002        0.97726         10.919         11.152
           2931         5.5769      0.0032678        0.97281         10.746         11.007
           2986         13.748      0.0029601        0.96749         10.707         10.989
           3024         2.3083      0.0032118        0.98285         11.356          11.55
           3052         2.6527      0.0025315        0.98412         11.428         11.615
           3085         4.3214      0.0038135        0.97632         10.943         11.173
           3087         2.7843      0.0037412        0.96989         10.822         11.067
           3126         4.3505      0.0035323        0.95001         10.497         10.816
           3145         10.032      0.0068815        0.98123         11.938         12.088
           3186         2.1603      0.0038304        0.97942         11.275          11.49
           3194          1.467      0.0060092        0.97951         11.692         11.856
           3196         13.853      0.0027389        0.94552         10.204         10.472
           3199         11.989      0.0034401        0.97089          10.87         11.111
           3292         3.0808      0.0033231        0.96858         10.774         11.036
           3295         1.5054       0.002727        0.98371         11.352         11.541
           3314         3.2517      0.0044333        0.97241         11.029         11.261
           3326         4.6063      0.0020242        0.98699         11.863         12.023
           3327          1.416       0.001369        0.93092      0.0020771         9.2106
           3348          1.673       0.009181        0.97576         11.552         11.695
           3356        0.90856      0.0041379        0.95259         10.613         10.904
           3358         3.4549      0.0032516         0.9763         10.887         11.125
           3401         1.0125      0.0037537        0.97844         11.082         11.297
           3412         12.364       0.003105        0.97811          11.02         11.246
           3450         9.4494      0.0043663        0.98107         11.326          11.53
           3461         3.7607      0.0024166        0.94842         10.006         10.296
           3468         12.157           0.01        0.96932         11.181         11.341
           3475         7.7308      0.0040272        0.98058         11.207         11.416
           3492        0.99049      0.0029591        0.97463         10.808         11.064
           3494         2.8142      0.0010339        0.93484      0.0018326         9.2105
           3506         2.3366      0.0033407        0.97859          11.04         11.267
           3562          3.985       0.004281        0.96536         10.997         11.217
           3583         1.4562      0.0036678        0.97414         10.838         11.082
           3595         10.232      0.0097368        0.97825         11.678         11.795
           3628         9.8239      0.0024341        0.98143         11.237         11.445
           3640          6.726      0.0031751        0.94378         9.8339         10.123
           3653         1.2803      0.0051713        0.97785         11.496          11.68
           3655         3.5187      0.0030395        0.97776         10.955         11.186
           3677         12.069      0.0053594         0.9777         11.476         11.671
           3703         13.059     0.00063478        0.87987     0.00065465         9.2102
           3723         2.9957      0.0057804        0.98245         11.833         11.994
           3745         2.4048      0.0010358        0.93972      0.0038138         9.2112
           3776         14.767      0.0032723        0.96883         10.762          11.02
           3800         3.8125      0.0049121        0.96812         10.983         11.216
           3803         10.501      0.0035518        0.94939         9.9859         10.289
           3810         13.425     0.00068427        0.91846      0.0011167         9.2102
           3857         3.4005      0.0031491        0.98248         11.262         11.452
           3863         4.4824      0.0056351        0.98398           12.0          12.16
           3875           16.0      0.0011573        0.93267      0.0018916         9.2105
           3880         7.7297      0.0040722        0.97163           11.0         11.223
           3905         1.9953      0.0038783        0.97521         10.902         11.136
           3920         8.4406      0.0050239        0.98256         11.592         11.776
           3925         1.0972      0.0027666        0.98988         11.952         12.093
           3939         5.0942     0.00090632        0.29748      0.0010288         9.2102
           3941         2.5511         0.0001        0.39424     1.3823e-05         9.2101
           3958         4.1672      0.0028182         0.9855         11.474         11.642
           3971         1.0133      0.0032516         0.9817         11.202         11.406