      trialid   learning_rate posterior_div_weight     validklp       validnll
             12      0.0050527        0.67658         8.9069         9.4237
             14      0.0084901        0.10977        0.15271         9.2114
             20      0.0025141        0.37207         8.3058         9.2757
             56      0.0051251         0.9191         11.327          11.53
             80      0.0018845        0.95053         11.936         12.059
             83      0.0042479        0.51415         8.7684         9.3526
             97      0.0031265        0.85024         10.242         10.664
            106      0.0029239         0.4479         8.4445         9.2826
            120      0.0015549        0.88778         10.894         11.172
            159     0.00083102         0.1244       0.086419         9.2109
            197      0.0016126        0.86357         10.474         10.785
            201      0.0024249        0.40905         8.2611         9.2657
            219      0.0031425        0.19525         3.7614          9.234
            243      0.0036896        0.93024         11.325         11.514
            263     0.00073198          0.122       0.079051         9.2109
            385      0.0029251        0.92152         11.154         11.375
            411      0.0035256        0.90058         10.836         11.096
            426       0.004939         0.1645        0.80679         9.2217
            464      0.0013938        0.91301         11.368         11.576
            468      0.0020432        0.77226          9.585         10.192
            470      0.0038274        0.95815         11.999          12.11
            491      0.0058602        0.89094         10.795          11.08
            499      0.0018149         0.9058         11.061         11.285
            504      0.0013676        0.81958          10.24         10.645
            522      0.0021215        0.95571         11.968         12.087
            539      0.0034594        0.88286         10.635          10.95
            668      0.0015747        0.94601         11.884         12.018
            672      0.0048103        0.94526         11.727         11.867
            705      0.0016213        0.30749         7.8287          9.248
            713      0.0018806        0.93522          11.52         11.674
            716      0.0058928        0.86813         10.343         10.703
            723      0.0018569        0.33737         7.9221         9.2498
            730      0.0038565        0.95163         11.847         11.976
            731      0.0034298        0.54515         8.5467         9.3021
            744      0.0037746        0.44186          8.694         9.3311
            749      0.0061457        0.89748         10.884         11.128
            754      0.0066981        0.85801         9.5121         9.9701
            822      0.0016442        0.32401         7.8446         9.2492
            826      0.0047305        0.16598         2.7438         9.2263
            862      0.0029465        0.94191         11.566         11.727
            879      0.0012966        0.91225         11.283         11.489
            880      0.0014678        0.89692         10.996         11.242
            914      0.0053142        0.93347         11.563         11.711
            920      0.0023112        0.31919         8.2637         9.2743
            945      0.0025553        0.95277         11.872         11.995
            954      0.0056483        0.72261         9.0569         9.5136
            957      0.0034317        0.85588         10.298         10.678
            970     0.00026063        0.10483       0.075867         9.2104
            987      0.0021768        0.37772         8.1406         9.2641
           1018      0.0044217        0.91664         11.156         11.381
           1038      0.0030719        0.46816         8.4677         9.2854
           1046      0.0047262        0.15459         1.5983         9.2232
           1049      0.0016727         0.9083         11.149         11.363
           1052      0.0012161        0.30146         7.6266         9.2386
           1113      0.0036661        0.95125         11.876         12.011
           1130       0.003459        0.40826         8.6307          9.322
           1134      0.0042177        0.89499         10.851         11.122
           1139      0.0014763        0.12989        0.12963         9.2113
           1181      0.0024638        0.94537         11.704         11.861
           1252      0.0026655        0.94657         11.668         11.811
           1258      0.0049848        0.67389         8.8722         9.3931
           1265      0.0020616        0.31731         8.1155         9.2602
           1274      0.0019311        0.85694         10.319         10.679
           1294      0.0024741        0.93575          11.47         11.649
           1295      0.0048612        0.56155          8.842         9.3759
           1302      0.0022113        0.90922         11.008         11.255
           1312      0.0031741        0.82077         9.2707          9.877
           1380       0.001642        0.81932         10.012         10.436
           1406      0.0035022        0.48913         8.5453          9.291
           1416      0.0030833        0.91968          11.09         11.306
           1431       0.005614        0.60775         8.8651         9.3803
           1482      0.0040385        0.44014         8.7133          9.338
           1487      0.0021152        0.31845         8.0679         9.2551
           1506      0.0044414        0.89328         10.817         11.093
           1533      0.0045063         0.1727         3.3407         9.2301
           1586      0.0018329        0.87668         10.666         10.975
           1587      0.0017093        0.90679         11.099         11.324
           1639      0.0033396        0.86359         10.381          10.74
           1644      0.0024131        0.93014         11.393         11.587
           1659      0.0016536        0.32301         7.8795         9.2493
           1676      0.0018459        0.94677         11.765          11.89
           1683       0.006695        0.90095         10.848         11.108
           1739      0.0043177        0.95791           12.0         12.144
           1752      0.0050955        0.92951         11.522         11.694
           1810       0.006746        0.94892         11.808         11.915
           1843      0.0023617        0.92079          11.19           11.4
           1845      0.0026074        0.35355         8.3424         9.2768
           1867     0.00020527       0.095909        0.04081         9.2099
           1894      0.0017595        0.84126         10.225         10.608
           1955       0.003544        0.95798         11.978         12.098
           2002      0.0028947        0.94959         11.703         11.838
           2138      0.0042958        0.95113         11.875           12.0
           2139      0.0024515        0.93397         11.442         11.631
           2158      0.0011604        0.89513         11.231         11.472
           2166      0.0032913        0.93259         11.355         11.541
           2175      0.0046322        0.86915         10.519         10.871
           2184      0.0026038        0.35634         8.3727         9.2788
           2188      0.0056291        0.86773         10.145         10.512
           2190      0.0044883        0.84163         9.2602         9.8129
           2203      0.0045225        0.90668          11.05         11.281
           2213      0.0058713         0.8603         9.8856           10.3
           2223      0.0052766        0.16512         4.1424         9.2351
           2242      0.0093555        0.15568        0.61257         9.2164
           2306      0.0048378        0.93296         11.494         11.666
           2342     0.00020261       0.092333       0.030958         9.2098
           2471      0.0050907        0.12662         0.1852         9.2122
           2527      0.0021042        0.89201         10.776         11.059
           2538       0.005931        0.61828           8.92           9.47
           2557      0.0032208         0.3754         8.5808          9.312
           2612      0.0014619        0.90501         11.223          11.46
           2624       0.005647        0.95171          11.96         12.076
           2628      0.0069584        0.89459         11.042          11.26
           2676      0.0040606        0.82645         9.2157         9.8111
           2706      0.0044539        0.86848         10.532          10.88
           2707      0.0036918         0.8924         10.745         11.026
           2717     0.00035969        0.10207        0.06462         9.2102
           2728      0.0022198        0.84137         10.158         10.559
           2750      0.0055467        0.93309         11.603         11.758
           2850      0.0047135        0.53446         8.8343         9.3608
           2852      0.0024672        0.91316         11.062         11.302
           2863      0.0043979        0.87327         10.587         10.904
           2887      0.0012412        0.29803           7.67          9.244
           2891      0.0030165         0.8853         10.629         10.931
           2915      0.0015843        0.93264         11.587         11.752
           2950      0.0044959        0.95548         11.982         12.098
           2964      0.0040842        0.89344         10.775         11.058
           3011      0.0024209        0.92814          11.36         11.561
           3026      0.0049367        0.17309         4.3073         9.2376
           3048      0.0030797        0.92664          11.28         11.487
           3050     0.00045968       0.098813       0.059099         9.2101
           3069       0.001114        0.87245         10.898         11.185
           3107      0.0049893        0.93024         11.468         11.636
           3108           0.01       0.031371        0.22586         9.2129
           3137      0.0013967         0.8497         10.522         10.873
           3143     0.00020822       0.098116       0.046994         9.2099
           3152      0.0042602        0.91038         10.981           11.2
           3157      0.0015135        0.86146          10.48         10.802
           3179      0.0015983        0.88066         10.728         11.006
           3188      0.0020578        0.32929         8.0229          9.251
           3192      0.0065344        0.74783         9.1195         9.5783
           3194      0.0012435        0.29578          7.665         9.2439
           3212      0.0016915        0.32628         7.8385         9.2488
           3213      0.0014014        0.86293         10.661         10.973
           3230      0.0014272        0.88551         10.893         11.154
           3350      0.0042778        0.93235         11.414         11.593
           3353     0.00044676        0.09518       0.047362           9.21
           3370      0.0053635        0.95069         11.833         11.945
           3408      0.0016512        0.31924         7.8149         9.2443
           3430      0.0017392        0.86857          10.51         10.805
           3464      0.0023846        0.32102         8.2783         9.2747
           3476        0.00199        0.94954          11.84         11.974
           3525      0.0069918        0.16087         3.5143         9.2312
           3547       0.001666        0.93784          11.66         11.809
           3570      0.0037257        0.88497         10.649         10.952
           3572      0.0040842        0.58395         8.6739         9.3243
           3636     0.00048618        0.12738       0.099401         9.2111
           3660      0.0063333        0.16135         3.6332         9.2332
           3704       0.002108        0.93424         11.458         11.632
           3707      0.0020879        0.32594         8.0943         9.2554
           3714      0.0058863        0.89205         10.811         11.091
           3761      0.0019534        0.90639          11.01         11.258
           3781      0.0023681        0.92338         11.207         11.415
           3791      0.0048837        0.56352         8.8872         9.4044
           3926      0.0022607        0.93421         11.482         11.659
           3956      0.0022505        0.36655         8.1861         9.2647
           3983      0.0029686        0.94524         11.583         11.732