      trialid       alpha_dup   learning_rate posterior_div_weight     validklp       validnll
             82         3.4929      0.0026126        0.93727         10.968         11.206
             92         5.2253      0.0024909        0.28933         7.6269         9.2309
             97         8.1062      0.0030124        0.64395         8.2075         9.2529
            104        0.86945      0.0039416        0.87243         10.543         10.822
            149         5.6211       0.002048        0.19895         6.9992         9.2252
            173        0.99885        0.00216        0.93919          11.56          11.72
            179          3.459       0.002395         0.9641         11.948         12.059
            185         1.2933      0.0029985        0.95128         11.721         11.852
            228         8.4372      0.0014323        0.10556          2.285         9.2197
            235         15.034      0.0021425        0.20206         6.8661         9.2236
            241         10.311      0.0028695        0.46048         7.9246         9.2413
            242         10.813      0.0031992        0.70523         8.2739         9.2551
            244         6.0718     0.00072465       0.099344         4.0188         9.2202
            258         12.925      0.0023664        0.22428         7.2312         9.2259
            286         3.6008      0.0024959          0.931         9.4756         10.024
            288         2.3839      0.0023729        0.90979         9.6273         10.153
            291         2.3299      0.0024254        0.93332         11.106         11.302
            292         2.4122      0.0019555        0.93604         11.293         11.458
            298         4.6538      0.0019751        0.95885         11.719         11.843
            312         3.0345      0.0017258        0.95079         11.628         11.762
            327         1.3455      0.0017277        0.86061          10.28         10.609
            374         2.6841      0.0020019        0.91956         10.884          11.11
            382         1.5508      0.0018233        0.92955         11.367         11.534
            384         1.2335      0.0020473        0.90682         10.952         11.188
            385         1.4097      0.0018057         0.9153          11.16         11.356
            396         1.3485      0.0023267        0.84595         10.039         10.468
            398         1.0007      0.0020871        0.90781         11.008         11.245
            409         15.726       0.002398        0.23421          7.243         9.2289
            411         1.0135      0.0018962        0.88856         10.815         11.108
            424         3.0098      0.0034534        0.31895         8.0619         9.2444
            510         12.645      0.0031978        0.80905         8.3195         9.2604
            525         1.2036      0.0042433        0.88876         10.728         11.055
            527        0.87813        0.00431        0.84549          9.797         10.252
            529         1.2918      0.0021534        0.85896         10.158         10.551
            570        0.89648      0.0014254        0.89824         11.023         11.267
            596          1.601       0.002364        0.87643         9.5109         10.069
            597         3.3536      0.0025972        0.71214         8.4536         9.2822
            609         1.2044      0.0024294         0.8708         10.453         10.801
            610          2.014      0.0023824        0.90006         9.6067         10.128
            621         1.1385      0.0018889         0.8464         10.219         10.594
            624        0.97732      0.0022711        0.92395         11.242         11.451
            625         1.7734      0.0022328        0.89122         10.422         10.746
            659        0.89222      0.0030076        0.95624         11.872         11.985
            676         1.0073      0.0026587        0.84417         10.196         10.594
            682           9.36      0.0010912        0.08272          1.346         9.2142
            692         7.6153      0.0023869        0.39416         7.7705         9.2354
            703        0.97297      0.0026972        0.83857         10.136         10.542
            759        0.90285      0.0062006        0.94947          11.79         11.894
            762         1.0308      0.0052521        0.87654         9.8684         10.298
            771         12.261      0.0051588        0.75881         8.4604         9.2829
            811         9.2027      0.0034871        0.64927          8.256         9.2539
            840         3.4727      0.0026361        0.41398         8.0002         9.2442
            858         1.0084      0.0015817        0.87687         10.676         10.963
            863         1.6879     0.00020073       0.059156       0.045587         9.2099
            888        0.88805      0.0065835         0.8426         9.8327         10.261
            917         10.975      0.0050035        0.74318         8.4446          9.281
            924        0.88082      0.0055425        0.87938         10.665         10.922
            954         1.9037      0.0032364        0.90412          9.663         10.182
            958        0.94592      0.0034372        0.88554         10.627         10.921
            968         3.1021      0.0001993       0.030644       0.026194         9.2098
            969         1.6671      0.0023299        0.91753         10.997         11.228
            972        0.86169      0.0041599        0.87287          10.56         10.842
            975        0.86941       0.004781        0.91864         11.204          11.37
           1006         4.1004      0.0011961        0.92587         10.385         10.704
           1046          5.346      0.0014379        0.12407         6.0648         9.2223
           1052           1.65      0.0016604        0.85681         9.3563         9.9274
           1103         11.689      0.0029386         0.4459         7.8544         9.2406
           1106         3.1485      0.0018158        0.92036         9.5717         10.089
           1122         7.3227       0.002989        0.37922         7.8484          9.239
           1184         14.664      0.0056561        0.76412         8.4986         9.2916
           1208         1.4113      0.0016997        0.91888         11.237         11.427
           1237           16.0      0.0009979       0.040506        0.16892         9.2102
           1243        0.88206      0.0060664        0.91374          11.15         11.315
           1291         12.829      0.0025502        0.25351         7.2586         9.2291
           1312         3.0786      0.0004634        0.03775       0.070857         9.2101
           1321         1.2744      0.0034182        0.90041         10.795         11.077
           1325           0.86      0.0045436        0.89604         10.909         11.134
           1329         14.369     0.00087097       0.098421         4.4986         9.2205
           1351         1.2764      0.0031741        0.94362          11.58         11.741
           1359         1.8969      0.0038415        0.94343         11.481         11.653
           1388         3.0509      0.0062854        0.61346         8.8298         9.3611
           1402         12.205         0.0001       0.061865        0.49847         9.2112
           1404         1.8002      0.0016823        0.93353         11.422         11.585
           1421        0.98729      0.0016114         0.8995         11.037         11.282
           1423          2.374      0.0019619        0.93824         11.339         11.498
           1473         2.8274      0.0021526         0.9106         9.4201         9.9733
           1509         1.1805     0.00055015       0.084182       0.057861           9.21
           1573         1.5598      0.0025134         0.9435         11.472         11.626
           1578         12.471      0.0035454        0.64243         8.2158         9.2535
           1658         11.566      0.0031094       0.071887         2.0798          9.218
           1673         1.6288      0.0020053        0.95053         11.709         11.831
           1803         7.1159     0.00097384        0.07805         1.2189         9.2131
           1804         1.1149      0.0059007        0.75105          9.014         9.4663
           1932         1.9499      0.0022837        0.93209         11.209         11.391
           2092         1.4169      0.0019547        0.95718         11.923         12.027
           2111         2.5897      0.0045425        0.41889         8.4284         9.2652
           2128         2.0795      0.0053941        0.41941          8.649         9.2977
           2163         1.1484      0.0016929        0.94743         11.824         11.946
           2268           0.86      0.0020361        0.93728         11.551         11.719
           2310         1.4136      0.0071465        0.69235         9.3254         9.7019
           2421           0.86      0.0050877        0.94525         11.855         11.972
           2428         1.0791      0.0057777        0.56234         8.8464         9.4332
           2437         15.841       0.006983        0.52596         8.5758         9.2918
           2467         12.891      0.0041646       0.049129        0.23238         9.2107
           2502         5.1884      0.0033535          0.506         8.1446         9.2467
           2589         2.6729     0.00020807       0.036756        0.03463         9.2099
           2613         2.2793      0.0031312        0.92775         10.954         11.196
           2625        0.87715      0.0048535        0.94058          11.65         11.777
           2702         2.8724      0.0019648        0.21951          7.366           9.23
           2723         1.9416      0.0031013        0.94682         11.544         11.691
           2774          4.332      0.0031312        0.57855         8.2997         9.2566
           2870          1.131      0.0029934        0.94403         11.594         11.755
           2925         3.4992      0.0092836        0.94395         10.055         10.538
           2944         0.8622      0.0065793        0.94519         11.739         11.853
           2947         1.5481     0.00057099       0.066411        0.06501         9.2101
           2963         3.7451      0.0038702        0.37986         8.1803         9.2485
           2980           0.86      0.0058555         0.9546         11.984         12.078
           3008         1.4308      0.0020013        0.95486         11.852         11.958
           3044         6.5893      0.0012113       0.084266         1.6096         9.2177
           3143          1.366      0.0018321        0.94818         11.762         11.888
           3172         2.6673      0.0030843        0.30015         7.9794          9.243
           3202         11.068      0.0031977        0.77988         8.3055         9.2601
           3213        0.97767      0.0026063        0.95372         11.864         11.984
           3229         3.0998      0.0022656        0.10336         2.4718         9.2199
           3254         2.8042      0.0027214        0.68599         8.4315         9.2792
           3272         5.4209      0.0015812        0.95906          11.69         11.816
           3276           0.86      0.0046167        0.93885         11.442         11.589
           3302         1.4447      0.0019494        0.95315         11.803          11.92
           3305          1.132      0.0015729        0.94506         11.812         11.939
           3355        0.95134       0.004845         0.9562           12.0         12.108
           3367           0.86      0.0048302        0.93642         11.517         11.655
           3407          0.877      0.0024938        0.94841         11.743         11.883
           3419          1.014      0.0032744        0.45655         8.4984         9.2887
           3578           16.0      0.0040085        0.31377         7.8092         9.2358
           3638         15.891      0.0039817        0.74585         8.3561         9.2633
           3640         5.4755      0.0079718        0.58294         8.7623         9.3207
           3648         1.8342      0.0016846        0.95505         11.927         12.035
           3687         1.2071       0.005774        0.68702          8.957         9.4406
           3698         1.9513     0.00020204       0.046799       0.025168         9.2098
           3712         3.2444      0.0055555         0.5412         8.5955          9.296
           3725         1.5102      0.0015968        0.92807         11.408         11.582
           3755         1.0106      0.0064908        0.81069         9.0937         9.6047
           3794           16.0      0.0023152        0.58411         7.9406         9.2426
           3991         2.6182      0.0025705        0.92908         10.918         11.143