      trialid   learningrate posteriordivweight     validklp       validnll
              3     0.00035338        0.22576         7.6569         9.2289
              7      0.0046019        0.56806          8.554         9.3265
             11      0.0057747        0.90458         10.827         10.975
             22      0.0028427        0.80376          9.377         9.7362
             38     0.00042183        0.43385         8.3023          9.284
             50      0.0037032         0.4663         8.2002         9.2539
             51      0.0012332         0.7164         8.9427          9.539
             55      0.0050681        0.79979         9.6626         9.9603
             65      0.0012276        0.11087         5.9028         9.2132
             83      0.0031291        0.93477          10.26         10.451
             95     0.00073102        0.03808          1.562         9.2101
            139     0.00087313         0.4987         8.5333         9.3045
            141     0.00074343        0.46011         8.4562         9.2972
            148      0.0027434        0.80818         9.3339         9.7163
            155      0.0038526        0.85849         10.082         10.299
            156      0.0023719        0.78257         9.2792         9.6925
            165      0.0021851         0.8595         9.7642         10.046
            167      0.0021983          0.944         10.036          10.26
            171      0.0015656        0.99352         11.922         11.991
            173      0.0018172        0.89505          9.833         10.112
            174      0.0018564        0.90904         9.9474         10.198
            185       0.001547        0.97676          10.56         10.716
            186      0.0020495        0.96944         10.586         10.738
            187      0.0017918        0.94897         10.097          10.32
            188       0.001387        0.96804         10.515         10.688
            191      0.0016224           0.95         10.271         10.472
            196      0.0017397        0.96716         10.386         10.565
            198      0.0019128        0.97165         10.588         10.738
            200      0.0017901        0.98524          10.96         11.087
            206      0.0016305        0.98267         10.812         10.942
            211      0.0032119        0.93957         10.359         10.533
            220      0.0020936        0.94652          10.04         10.269
            235       0.003285        0.86063         9.9422         10.172
            278     0.00069547        0.60642         8.7145         9.3438
            288      0.0023762        0.79728         9.3461         9.7331
            294     0.00028099        0.30772         7.9494         9.2464
            314      0.0015534        0.97715         10.568         10.719
            338      0.0015247        0.97602         10.543         10.703
            340        0.00174        0.96321         10.306         10.497
            341     0.00067572        0.64836         8.7735         9.3936
            353      0.0027459        0.85421         9.5799         9.8829
            360     0.00067809        0.61062         8.7267         9.3463
            364     0.00049074        0.34436         7.9933           9.25
            386      0.0030059        0.80015         9.4365         9.7747
            391     0.00096366        0.46164         8.2686         9.2802
            392      0.0032168        0.79338         9.5585         9.8553
            402       0.003068        0.81892         9.6417         9.9114
            406     0.00094299        0.50527         8.3312         9.2891
            416      0.0029288        0.86711         9.7224         9.9906
            417     0.00085826        0.67524         8.9002         9.5044
            446      0.0027198         0.7914         9.2159         9.6465
            448       0.001486        0.97633         10.546         10.707
            449      0.0031067        0.85944          9.822         10.064
            454     0.00066222        0.69545         8.8879         9.4931
            465      0.0029537        0.86122          9.727         9.9923
            466      0.0025917        0.77551         8.9686         9.5507
            470       0.001681        0.97242         10.512         10.672
            479     0.00074144        0.65755         8.8407         9.4057
            480     0.00075468        0.65753         8.8289         9.3966
            481     0.00089106         0.6843         8.9323         9.5178
            483      0.0015206        0.97426         10.489         10.659
            486       0.001457        0.97338         10.472         10.647
            509     0.00088847        0.69619         8.9814         9.5543
            518      0.0030466        0.85307         9.6983         9.9669
            522      0.0017045        0.97522         10.601         10.752
            523      0.0016891        0.97546         10.576         10.731
            526      0.0016123        0.97428         10.532         10.696
            528      0.0015619        0.96291         10.272         10.478
            529      0.0017146        0.97652         10.623          10.77
            530      0.0017147        0.97767         10.675         10.816
            537      0.0015754        0.98406         10.865         10.985
            538       0.001596        0.99404         11.814         11.882
            541      0.0016177        0.98773         11.091         11.206
            542      0.0015313        0.99438         11.674         11.733
            544      0.0015353        0.98115         10.718         10.859
            546      0.0015474        0.99053         11.251         11.337
            548      0.0015284        0.99482         11.737         11.792
            550      0.0015892        0.99033         11.374         11.468
            552       0.001642        0.99543           12.0         12.067
            560      0.0016292        0.98267         10.806         10.933
            623      0.0014606        0.99243         11.419         11.496
            624      0.0021853        0.21887         7.5007         9.2201
            631      0.0016075        0.98416         10.886         11.005
            635      0.0016631        0.97677         10.606         10.758
            638      0.0016534        0.97667         10.595         10.747
            643      0.0016632        0.98901         11.174         11.281
            654      0.0016246        0.99036          11.32         11.414
            660      0.0016764        0.99133         11.395         11.487
            691     0.00076896        0.69743         8.9556         9.5506
            693     0.00072489        0.68281         8.8526         9.4497
            707      0.0016027        0.96697         10.331         10.518
            745     0.00086488        0.67442         8.8916          9.501
            752      0.0020359        0.86343          9.742         10.037
            779      0.0017369        0.96979         10.469         10.636
            809      0.0033905        0.86454         9.9014         10.125
            850     0.00055713        0.32004         7.9616         9.2473
            911      0.0036101        0.84101         9.9716         10.204
            943      0.0037997        0.83286         9.8601         10.117
            947       0.006279        0.79428         9.1604         9.5799
            962     0.00079433       0.041613         1.9099         9.2102
            964      0.0058826        0.93361         11.448         11.564
            978       0.005085        0.83622         10.024         10.246
            982      0.0056011         0.8773         10.412         10.585
            994      0.0080527         0.9103         10.465           10.6
           1005      0.0070684        0.92461           11.3           11.4
           1041      0.0034543        0.84455         9.9304          10.16
           1043      0.0038817        0.82702         9.9177          10.16
           1072      0.0034879        0.86842         9.9908         10.204
           1077      0.0052834        0.95746         11.941         12.042
           1108      0.0033695         0.7425         9.4826         9.7915
           1109           0.01         0.9347         11.922         11.985
           1112      0.0004511       0.044973           3.23         9.2105
           1121      0.0047604        0.93485         11.095         11.235
           1129       0.009996        0.92495         11.284          11.36
           1145     0.00029528        0.27397         7.7093          9.239
           1147      0.0069818        0.81598         9.1887         9.6151
           1158      0.0098686        0.92285         11.983         12.063
           1178      0.0041215        0.85572         10.028         10.251
           1182      0.0059801        0.88306          10.35         10.521
           1192      0.0068412        0.92785         11.049          11.15
           1196      0.0065761        0.82927         9.5129         9.8399
           1197      0.0083489        0.91201          11.04          11.14
           1198      0.0043683        0.92941         10.818         10.968
           1205      0.0067783        0.93341         11.325         11.417
           1225      0.0020523        0.97157         10.638         10.782
           1234      0.0045375        0.77088         9.7342         10.009
           1245      0.0098573        0.90599         11.077         11.163
           1255      0.0041992        0.89249         10.283          10.48
           1256      0.0057691        0.85458         10.007         10.222
           1263     0.00089423        0.11509         5.9141         9.2181
           1264     0.00049026        0.33415          7.968         9.2489
           1294           0.01        0.88656         10.235         10.368
           1312           0.01        0.96034         11.443         11.557
           1334      0.0078711         0.9231         10.958          11.06
           1337      0.0049976        0.88741         10.516          10.69
           1341       0.001276       0.061655         3.3224         9.2108
           1394     0.00038918        0.28095         7.8246          9.242
           1395      0.0068009        0.91777         10.921         11.033
           1430      0.0034205         0.7286         9.4082         9.7394
           1449           0.01         0.9301         10.182         10.327
           1454      0.0047064        0.93955         11.175         11.316
           1462      0.0049633        0.93156         11.114         11.263
           1535      0.0014101       0.074946         5.1668         9.2111
           1596     0.00090795       0.049697          2.205         9.2104