      trialid   learning_rate posterior_div_weight     validklp       validnll
             47      0.0038872        0.96884          10.84         11.081
             62      0.0061965        0.96051          10.96          11.18
            107      0.0029862        0.96709         10.694          10.97
            125     0.00038967        0.92219     0.00089754         9.2103
            213     0.00075365        0.94035      0.0015562         9.2105
            228     0.00017546         0.9373       0.001514         9.2103
            229      0.0011578        0.93208      0.0018748         9.2105
            254      0.0017595        0.98582         11.922          12.09
            263      0.0011232        0.93169      0.0018306         9.2105
            280      0.0012199        0.93429      0.0020365         9.2106
            283      0.0012425        0.93373        0.00203         9.2106
            291       0.001246        0.93682      0.0025025         9.2107
            292      0.0011666        0.93426      0.0019716         9.2106
            299      0.0011182         0.9338      0.0018943         9.2105
            321       0.002626         0.9464         10.136         10.402
            322     0.00074732        0.93974      0.0015151         9.2105
            331      0.0042039        0.95219         10.596         10.871
            336      0.0027024        0.94417         10.044         10.314
            341      0.0026075        0.94613          10.15         10.418
            346      0.0023837        0.94141         9.7786          10.07
            351      0.0009958        0.93427       0.001749         9.2105
            355      0.0028565         0.9484         10.309          10.57
            371       0.003357        0.95027         10.506         10.813
            396      0.0031886        0.98026         11.131         11.345
            400      0.0021591        0.94421         9.8208         10.126
            420      0.0028535        0.94637          10.21         10.467
            423      0.0011206        0.93679      0.0021944         9.2106
            431      0.0028535        0.94151      0.0054585         9.2119
            437      0.0033055        0.97632         10.884         11.125
            444      0.0038398        0.94676         9.9749         10.248
            446      0.0033026        0.94747         9.8697         10.149
            483      0.0047119        0.94846         10.416         10.691
            489      0.0043642        0.97775         11.215         11.425
            509      0.0010118        0.93572      0.0018448         9.2105
            511     0.00085309        0.93804      0.0016687         9.2105
            513      0.0031194        0.94339         9.7678          10.07
            524     0.00076605        0.93951       0.001547         9.2105
            531       0.003524        0.94741         10.459         10.775
            532      0.0031745        0.97841         10.976           11.2
            535      0.0035334        0.94966         10.003           10.3
            545      0.0031759        0.97749         10.932         11.164
            552      0.0033978        0.97812         11.104         11.328
            567      0.0012719        0.93598      0.0022915         9.2106
            572     0.00090529        0.93763      0.0017606         9.2105
            574      0.0034637        0.98085         11.192         11.394
            586      0.0027592        0.98156           11.2         11.405
            606      0.0018597        0.98147         11.504         11.707
            607      0.0034148        0.94825         10.426         10.748
            617      0.0028054        0.97628         10.877         11.122
            630      0.0032032        0.97072         10.808          11.06
            631     0.00074527        0.94092      0.0015636         9.2105
            640     0.00077231        0.94002      0.0015857         9.2105
            664      0.0037084         0.9459         9.9513         10.228
            670      0.0031949        0.94205         9.6938         9.9907
            698      0.0033413        0.97483         10.826         11.073
            703      0.0035066        0.94477         9.7466         10.049
            725     0.00085037        0.93806      0.0016638         9.2105
            728      0.0011843        0.93755      0.0027648         9.2108
            737       0.001308        0.93599      0.0023456         9.2107
            744      0.0032769        0.94332         10.214           10.5
            767      0.0013993        0.93691      0.0030657         9.2109
            769      0.0012929        0.93705      0.0028112         9.2108
            777      0.0011959        0.93764      0.0029332         9.2108
            793      0.0028583        0.96351         10.654         10.952
            798     0.00088767        0.94317      0.0057686          9.212
            806      0.0011933         0.9385       0.007451         9.2125
            809      0.0034538        0.97801         11.007          11.23
            829       0.004041        0.97455         10.938         11.169
            847      0.0032517        0.94408         9.8584         10.136
            900      0.0031507        0.96394         10.849          11.11
            906      0.0028905        0.97166         10.728         11.008
            920      0.0034363        0.97019         10.829         11.079
            933      0.0011475        0.93708      0.0023452         9.2106
            938      0.0037317        0.97758         11.115         11.332
            939      0.0036806        0.94661         10.455         10.769
            951      0.0012568        0.93672      0.0024871         9.2107
            960      0.0011911        0.93691      0.0024067         9.2107
            963      0.0032514        0.94393         9.7653         10.058
            977      0.0031037        0.96474         10.857         11.113
            981      0.0037648        0.97977         11.175         11.378
            999     0.00095698        0.94118      0.0038998         9.2112
           1003      0.0011578        0.93879      0.0083525         9.2129
           1028      0.0036351        0.97056         10.887         11.125
           1039      0.0031074        0.94241         10.082         10.376
           1061      0.0039316        0.98172         11.241         11.442
           1067      0.0012518         0.9378      0.0038877         9.2111
           1068      0.0033149        0.96904          10.77         11.023
           1072      0.0030097        0.94274         9.7416         10.037
           1121      0.0010533        0.93976      0.0053593         9.2117
           1175      0.0029703        0.96772         10.717         10.999
           1185      0.0063677          0.972         11.161         11.352
           1195      0.0028077        0.97856         10.961         11.191
           1212      0.0012704        0.93766      0.0037118         9.2111
           1224      0.0006489        0.91105     0.00076202         9.2102
           1225      0.0028788        0.97812         10.981         11.211
           1238      0.0030134        0.97359         10.773         11.036
           1269     0.00088951        0.94312      0.0057297          9.212
           1276       0.003181        0.94219         9.6517          9.958
           1299      0.0040015        0.97582         11.029          11.26
           1306      0.0030844        0.96624         10.674         10.955
           1341     0.00096824        0.94062      0.0031628          9.211
           1391      0.0011572        0.93585      0.0021005         9.2106
           1429      0.0015767        0.98003         11.775         11.958
           1448      0.0030819        0.97108         10.726         11.003
           1499      0.0011331        0.93895      0.0072499         9.2125
           1526       0.003994         0.9486          10.26         10.521
           1563      0.0013025        0.93545      0.0022424         9.2106
           1573       0.004644        0.97516         11.078         11.308
           1595      0.0041008        0.96719         10.793         11.037
           1614      0.0029424        0.98238         11.227         11.432
           1619       0.001269         0.9376      0.0035252          9.211
           1624      0.0011589         0.9365      0.0022129         9.2106
           1631      0.0033264        0.97729         10.925         11.158
           1638      0.0013368        0.93699      0.0028869         9.2108
           1643      0.0012337         0.9355      0.0021617         9.2106
           1706      0.0038109        0.94514         9.7848         10.092
           1708      0.0038217        0.98281         11.275         11.475
           1725      0.0028273        0.94188       0.018065         9.2131
           1740      0.0015613        0.97966         11.768         11.955
           1800      0.0039885        0.94698         9.8825         10.159
           1804      0.0038038        0.97695         11.024         11.251
           1843      0.0028654        0.98296         11.245         11.445
           1858      0.0010845        0.93757       0.002292         9.2106
           1871      0.0059884        0.97749         11.526         11.722
           1873      0.0031131        0.97732         10.917         11.149
           1924      0.0032584        0.97521         10.842         11.092
           1935      0.0092342        0.93685         2.8524         9.8968
           1939      0.0011617        0.93815      0.0034342          9.211
           2004     0.00097216        0.94113      0.0051482         9.2117
           2016      0.0037854        0.97928         11.126         11.338
           2057      0.0035116        0.97836         11.036         11.262
           2058      0.0031418        0.97783         11.098         11.316
           2061      0.0039268        0.98751         11.719         11.886
           2074     0.00068697         0.9001     0.00071086         9.2102
           2114      0.0030501        0.97669         10.896         11.135
           2209      0.0030405         0.9422         9.6767         9.9846
           2242      0.0025792        0.98479         11.455         11.634
           2266      0.0042953        0.98513         11.633         11.812
           2286      0.0047959        0.98529         11.746         11.923
           2314     0.00061181        0.82461      0.0006096         9.2102
           2316      0.0012771        0.93531      0.0021913         9.2106
           2333      0.0027502        0.97964         11.107         11.331
           2341      0.0012648        0.93384      0.0020586         9.2106
           2342      0.0038023        0.94828          10.55         10.843
           2343       0.002633        0.98145         11.205         11.417
           2344           0.01        0.96987         11.577         11.752
           2356     0.00095323        0.94097      0.0032214          9.211
           2380      0.0035518        0.97694         11.074         11.296
           2437      0.0013024        0.93537      0.0022305         9.2106
           2481      0.0012624        0.93712      0.0027435         9.2108
           2500      0.0038652        0.94812         10.154         10.428
           2527      0.0040397        0.98568         11.603         11.776
           2540      0.0029383        0.94164      0.0063571         9.2122
           2546      0.0048797        0.94439         2.2445          9.761
           2594      0.0031409        0.94171         10.084         10.401
           2625      0.0012055        0.93729      0.0026515         9.2107
           2639      0.0080593        0.97955         11.389          11.52
           2664      0.0054966        0.98262          11.76          11.93
           2684      0.0025768        0.98509         11.628         11.807
           2686       0.003279        0.98071         11.164          11.37
           2691     0.00066636        0.89735     0.00069595         9.2102
           2710      0.0052414        0.98516         11.961         12.126
           2722     0.00061664        0.87479      0.0006405         9.2102
           2739      0.0033395        0.94829         9.9828         10.255
           2757     0.00062146        0.90609     0.00071364         9.2102
           2762      0.0028402        0.99104           12.0         12.173
           2767      0.0011726        0.93552       0.002082         9.2106
           2797      0.0012891         0.9367      0.0025527         9.2107
           2837     0.00090276        0.94296      0.0078178         9.2129
           2847     0.00099058        0.94073      0.0048879         9.2116
           2851      0.0022496        0.98304         11.502         11.698
           2864      0.0055133        0.98098         11.687         11.866
           2871      0.0027892        0.96327         10.637         10.937
           2906      0.0058276        0.97982          11.61         11.777
           2916      0.0031794        0.98253         11.263         11.453
           2934      0.0036718        0.97157         10.981         11.208
           2940       0.001222        0.93782      0.0034959          9.211
           2941      0.0016315        0.97982         11.722         11.906
           2968      0.0026612        0.94605         10.212         10.483
           2994      0.0035349        0.97428         10.819         11.069
           3001      0.0021012        0.98424         11.543         11.727
           3012      0.0011552        0.93869      0.0061681          9.212
           3040      0.0042625        0.98555         11.625         11.797
           3041      0.0033282        0.97602         10.889         11.131
           3091      0.0026321         0.9862          11.74         11.912
           3112      0.0033839        0.97995         11.251          11.45
           3113      0.0030999        0.98298         11.294         11.479
           3123      0.0010712        0.93889      0.0031297         9.2109
           3140      0.0045701        0.98522         11.744         11.923
           3141      0.0053863        0.98311         11.762         11.934
           3145      0.0012966        0.93723      0.0030293         9.2109
           3150      0.0013469        0.93737      0.0036033         9.2111
           3159      0.0050773        0.97995         11.544         11.739
           3172      0.0030926        0.97643         10.899         11.142
           3189      0.0093762        0.97109         11.491         11.656
           3200      0.0012454          0.937      0.0025996         9.2107
           3204      0.0034158        0.97408         10.799         11.055
           3215      0.0030058        0.94451         9.9285         10.224
           3252      0.0010541        0.93907      0.0030364         9.2109
           3255     0.00093127        0.87082     0.00079577         9.2103
           3284      0.0010454        0.93975      0.0045239         9.2114
           3314      0.0014164        0.93691      0.0031562         9.2109
           3331      0.0011641        0.93339      0.0019261         9.2106
           3347      0.0011929        0.93758       0.002843         9.2108
           3363      0.0035936        0.97623         10.921         11.153
           3366      0.0011999        0.93737      0.0026856         9.2107
           3370      0.0018592        0.98531         11.652         11.826
           3371      0.0038456        0.94906         10.527         10.819
           3381      0.0021839        0.98807         11.949         12.111
           3389      0.0036548        0.97276         10.758         11.015
           3408      0.0037965        0.97687         10.992         11.217
           3433      0.0011182        0.93876      0.0042352         9.2113
           3445      0.0011221         0.9388      0.0046704         9.2114
           3471      0.0036061        0.94602         9.8166         10.105
           3497      0.0030219        0.98956         11.892         12.031
           3500      0.0041891        0.97194         11.013         11.238
           3509      0.0011516        0.93712      0.0023742         9.2107
           3515      0.0031004        0.98683         11.676          11.85
           3519      0.0074389        0.97235         11.432         11.598
           3529      0.0015893        0.98035         11.784         11.965
           3534      0.0031547        0.94342         9.7362         10.025
           3584     0.00087154        0.93817      0.0017183         9.2105
           3598      0.0043411          0.972          11.06         11.273
           3607      0.0013057        0.93717      0.0029966         9.2108
           3610      0.0028306        0.98485         11.409         11.583
           3625      0.0032147        0.94777         9.9196         10.197
           3628      0.0011465        0.93885      0.0074608         9.2126
           3634      0.0040995        0.96594         10.752         11.009
           3644      0.0012949        0.93711      0.0028804         9.2108
           3656      0.0033623        0.97716         10.926         11.159
           3660      0.0010396         0.9399      0.0048544         9.2116
           3666      0.0010495        0.93982      0.0053973         9.2118
           3682      0.0012493        0.93701      0.0026177         9.2107
           3698      0.0040623        0.95123         10.702         10.975
           3726      0.0033441        0.94552         10.425         10.718
           3731      0.0012081        0.93555      0.0021347         9.2106
           3741      0.0032086        0.98977         11.825         11.966
           3765      0.0056932        0.97928         11.661         11.841
           3767        0.00118         0.9383      0.0044468         9.2113
           3784      0.0026768         0.9753         10.865         11.119
           3785      0.0038603         0.9771         11.047         11.267
           3807      0.0044552        0.98559         11.763         11.948
           3810      0.0010163        0.93485      0.0018049         9.2105
           3826      0.0035061        0.97186         10.913         11.147
           3849      0.0085401        0.93702         1.3084         9.4239
           3875       0.003377        0.94446         10.321         10.656
           3923      0.0010186        0.94038       0.006008          9.212
           3939      0.0024295        0.98283         11.296         11.494
           3942     0.00075111        0.90987     0.00077759         9.2102
           3952     0.00042132        0.18326     0.00012109         9.2101
           3959     0.00030873        0.91385     0.00059022         9.2101
           3975      0.0011411         0.9334      0.0019018         9.2105
           3982       0.003038        0.98346         11.318         11.505
           3994        0.00116        0.93749      0.0025429         9.2107