      trialid       alpha_dup   learning_rate posterior_div_weight     validklp       validnll
             98         15.883      0.0021535        0.96621         10.703         10.997
            130         1.7903      0.0016829        0.96134         10.767         11.096
            181         1.9827      0.0051147        0.85811         9.5512          10.03
            185          15.82      0.0050989        0.91491         9.7134         10.207
            209         4.2471      0.0014483        0.96231         11.148         11.451
            245          8.118      0.0059581        0.72422         8.6448         9.4539
            266         1.2254      0.0049061       0.041933    -0.00010039         9.2102
            269         5.1548      0.0045097        0.29327    -9.9808e-05         9.2102
            313         2.6949      0.0066983        0.88367         9.6693         10.126
            391         1.9915      0.0057207        0.93794         10.171         10.568
            423         1.0647      0.0016122        0.40043         0.1053         9.2139
            429          1.683         0.0039        0.98537         11.564          11.76
            467         3.4456      0.0040627        0.44032         3.7248          9.248
            501          1.267      0.0048089        0.98411         11.668         11.853
            605         0.8671       0.002694         0.9844         11.448         11.646
            626         1.5905      0.0047617        0.29215    -7.2993e-05         9.2102
            640           16.0      0.0042438        0.47467         3.8722         9.2573
            655         5.3843      0.0022892        0.97089         10.832         11.123
            687         15.777      0.0014707        0.96446         11.202         11.489
            693        0.86009      0.0016245        0.97896         11.491         11.702
            736        0.96822      0.0072428        0.84731         9.2713         9.8079
            741         3.7949      0.0042133        0.97471         10.882         11.162
            770         1.8942      0.0067709         0.8117         9.1618         9.6552
            792         3.2981      0.0056181        0.82395         9.4325         9.9053
            821         4.1056      0.0036729        0.97866         11.027         11.278
            835         6.1118      0.0046417        0.49194     7.8952e-05         9.2102
            843          1.363      0.0070393        0.80576         9.0351         9.6186
            862         1.6626       0.005977        0.97559         11.469         11.676
            871         3.3342      0.0040595        0.51172         8.3638         9.3102
            881         2.6331      0.0012947        0.97372         11.855         12.089
            885         1.4391      0.0063222        0.84571          9.467         9.9882
            887         15.308       0.004078        0.46983          4.213         9.2583
            929           0.86           0.01        0.95896         11.514         11.718
            954         1.6534       0.007007         0.9385         10.149         10.479
            999         1.4204      0.0059186        0.74239         8.8817         9.5454
           1105         4.4948      0.0044107        0.54141         8.3908         9.3321
           1147          11.17      0.0054347        0.91504         9.7695         10.243
           1241          2.859      0.0081361        0.91595         9.9989         10.369
           1278         1.7922       0.005459        0.68445         8.6322         9.4111
           1303         1.0008       0.006876        0.96578         11.343         11.582
           1357         3.8215      0.0053731        0.98205         11.827         12.017
           1374         1.6684      0.0054672        0.68339         8.7279         9.4743
           1381         4.5755      0.0073942        0.93409         10.155         10.483
           1453         1.2769      0.0014152        0.96324         11.224         11.525
           1493         1.8016      0.0016521         0.9791         11.452         11.663
           1507         1.1078      0.0065529        0.88696         9.6365         10.091
           1533         10.177      0.0061549        0.88897         9.6196         10.083
           1547         11.026      0.0040619        0.50834         8.2375         9.2945
           1576         1.8928      0.0041725        0.54455         8.4068         9.3388
           1688         8.6498      0.0063895        0.85153         9.4739         10.003
           1728         1.0928      0.0041223        0.95907         10.286         10.657
           1759         15.889      0.0070502        0.81854         9.1174         9.6551
           1924         7.2295      0.0099423        0.92125          9.821         10.251
           1993         1.8489      0.0064476         0.9361         10.232         10.586
           2006         3.0989      0.0066644         0.9431         10.425         10.743
           2016         10.886      0.0044095        0.97091         10.648         10.958
           2031         13.305      0.0074944        0.86142          9.456         9.9857
           2037         1.3476      0.0020228         0.9877         11.931         12.096
           2182         1.3334      0.0074483        0.84792         9.3421         9.8503
           2204         7.3668       0.006592        0.88397         9.5778          10.05
           2267         1.7807       0.004138        0.45947         2.1083         9.2388
           2274         14.916       0.001371        0.97447         11.704         11.929
           2299         6.0678      0.0092572        0.96773         11.597          11.77
           2317         9.2839      0.0079903        0.94481         10.475         10.765
           2342           16.0      0.0019971        0.98794           12.0         12.171
           2394         4.3147      0.0056064        0.95612         10.649         10.966
           2439          13.54       0.005677        0.80004          9.271         9.8017
           2460         13.873      0.0086397        0.92472         10.093         10.448
           2466         2.3604      0.0037241        0.45755         8.2695         9.2947
           2535         11.371      0.0075675        0.89947         9.8497         10.264
           2557         3.3577      0.0039909        0.50054         8.3729         9.3235
           2561         1.5731      0.0042754        0.56408         8.5313         9.3541
           2600         6.9263      0.0055341        0.38751    -6.6995e-05         9.2102
           2634          4.159      0.0064465        0.85927         9.5521         10.041
           2665         9.5873      0.0068036        0.78349         8.9636         9.5758
           2783         9.9242       0.001963        0.96551         10.764         11.067
           2835         1.2434      0.0054501        0.77967         9.2792         9.8339
           2863         1.2951      0.0054847        0.72283         8.8655         9.4871
           2864         7.2457      0.0044562        0.51001         1.9994         9.2382
           2901         7.9582      0.0058777        0.91797         9.8689         10.305
           2905         8.4926      0.0031159        0.98701         11.787         11.944
           2938         1.6634      0.0063941        0.78249         8.9936         9.6036
           2952         1.5889      0.0098504        0.93766         10.259           10.6
           3000         14.975      0.0060172        0.97172         11.335         11.561
           3015         2.7929           0.01         0.2727       0.097551         9.2102
           3083         1.2249      0.0060615        0.86338         9.5368         10.004
           3108         12.101      0.0080873        0.85851         9.2568         9.7719
           3119         13.356      0.0063929         0.9674         11.354         11.598
           3146         14.003      0.0076713        0.94042          10.36         10.671
           3188         8.4922      0.0085996        0.96496         11.124         11.343
           3190         2.7717      0.0040347        0.48754         8.1534         9.2902
           3223         4.6353      0.0018319        0.37665        0.10168         9.2137
           3239         13.916      0.0048296        0.60846         8.5328         9.3989
           3246         1.1833      0.0016244        0.93991         10.508         10.924
           3270         9.7517       0.003862        0.44513         6.1498         9.2716
           3271         5.9978      0.0068201        0.81495         9.2026         9.6959
           3282        0.90012      0.0053253        0.91218         9.7514         10.226
           3285         1.8839      0.0090998        0.69676        0.26029         9.2154
           3294         1.5787      0.0065814        0.83866         9.4062         9.8991
           3316         5.7163       0.006697         0.3663    -0.00023408           9.21
           3372         4.6275      0.0045632        0.50348      0.0046969         9.2102
           3411         12.078      0.0048965        0.98638         11.951         12.112
           3544         15.323      0.0073486        0.95914         10.982         11.237
           3550         11.663      0.0040689        0.41315         1.4569         9.2288
           3581         1.8261      0.0038547        0.46239          8.118         9.2776
           3616         1.2461      0.0045495        0.55531         8.3375         9.3075
           3808         1.6341      0.0035318        0.41413         7.9805         9.2731
           3906         7.7925      0.0041859         0.4969         8.1673         9.2913
           3972         1.5632      0.0038763       0.085365    -5.8132e-05         9.2102