      trialid   learning_rate posterior_div_weight     validklp       validnll
             10      0.0083872         0.6911         9.2823         9.6808
            112      0.0060114        0.34246         8.8219          9.345
            150      0.0024495        0.84684         10.966         11.213
            173      0.0010224        0.82072         10.777         11.042
            203      0.0021611        0.83051          10.79         11.084
            208       0.002081        0.76339         10.142         10.602
            209      0.0023407        0.86532         11.208         11.419
            210      0.0025566        0.89129         11.542         11.706
            216      0.0021413        0.90234         11.745         11.892
            218      0.0025867         0.9076         11.744         11.878
            219      0.0021226        0.92083           12.0         12.123
            221      0.0013684        0.91088         11.849         11.977
            224      0.0013353         0.8971         11.691         11.834
            225      0.0014043        0.79562         10.562         10.912
            232      0.0015479        0.90771         11.809         11.942
            238      0.0016211        0.91436         11.873         11.991
            247      0.0011929        0.82761         10.863         11.126
            249      0.0022642        0.79447         10.439         10.811
            266      0.0018297        0.82041         10.653         10.938
            269      0.0022544        0.80883         10.578         10.913
            278      0.0020625        0.82167         10.713         11.014
            284      0.0027629        0.85998          11.14         11.375
            290       0.001821        0.83775         10.919         11.187
            291      0.0025779        0.85024         11.059         11.311
            294      0.0024242        0.86469         11.253         11.456
            297      0.0023764        0.84651         10.986         11.246
            299      0.0019037        0.86795         11.302         11.513
            302      0.0025086        0.86694         11.225         11.432
            304      0.0020019          0.866         11.255         11.469
            311      0.0027803          0.892         11.555         11.723
            313      0.0018902          0.848         11.015         11.251
            318      0.0019801         0.8373         10.842         11.113
            321      0.0019902        0.78415         10.385         10.782
            322      0.0024941        0.78668          10.33         10.753
            326       0.002487        0.79647         10.447         10.836
            345      0.0014943        0.81351         10.727         11.036
            347      0.0021836        0.82169         10.702         11.014
            362      0.0022905        0.79961         10.484         10.846
            378      0.0020062        0.78093         10.352         10.755
            388      0.0019613        0.76731         10.113         10.575
            392      0.0018331        0.86706         11.235         11.442
            397      0.0017461        0.73942         9.9854         10.496
            415      0.0019573        0.77636         10.323         10.739
            418      0.0019542         0.7945         10.515         10.888
            421      0.0018272        0.78113         10.219         10.605
            424      0.0049459        0.64107         8.9427         9.4633
            432      0.0015933        0.87417         11.362         11.553
            461      0.0019318        0.78246          10.39         10.788
            463      0.0020437        0.87646         11.371         11.566
            464      0.0077104        0.85134         9.5078         10.004
            480      0.0024489        0.87353         11.329         11.523
            518      0.0075502        0.65661          9.218         9.5993
            540      0.0017659        0.85307         11.094         11.322
            593      0.0032144        0.90809          11.88          12.02
            664      0.0028952        0.91559         11.899         12.029
            668      0.0065569       0.073978        0.60518          9.224
            672      0.0061574        0.68406         9.2786         9.6713
            685       0.001385         0.8419         11.028         11.279
            690      0.0024149        0.90356         11.723         11.862
            745     0.00066608       0.057018       0.046103         9.2102
            748      0.0020642        0.22095          7.764         9.2476
            808      0.0023859         0.8961         11.609         11.769
            848      0.0016266        0.87288         11.331         11.527
            879       0.005943        0.48944         9.1503         9.5024
            910      0.0030517        0.91461         11.875         12.002
            912      0.0017103        0.73002         9.5186         10.208
            916      0.0045993        0.18648         8.4185         9.2626
            949       0.001831        0.89807         11.677          11.83
            965      0.0084927        0.86722         9.4586         9.9495
            999      0.0012148        0.76753         9.8783         10.461
           1002      0.0072027        0.46627         9.1297         9.4864
           1017      0.0011892        0.91046         11.847         11.971
           1042      0.0012229        0.74475         10.092         10.555
           1046      0.0012329        0.78171         10.423         10.792
           1053      0.0011776        0.82071         10.786         11.069
           1054      0.0011356        0.73393         10.033         10.504
           1056      0.0013508        0.77389         10.381         10.765
           1082      0.0013037        0.91407         11.939         12.062
           1089     0.00037887       0.035682         0.1533         9.2102
           1109      0.0013165        0.84798         11.025         11.255
           1128      0.0011739        0.78933         10.508         10.849
           1162      0.0020704        0.91603         11.918         12.041
           1168      0.0012778        0.73426         9.8442         10.353
           1169      0.0010481        0.77871           10.3         10.639
           1194      0.0074728        0.54943         9.1742         9.5267
           1410       0.007239        0.59126          9.196         9.5966
           1419      0.0054435        0.36719         8.6901          9.321
           1496     0.00038804       0.037806        0.20617         9.2103
           1563      0.0036275        0.91312         11.965         12.104
           1602      0.0041677         0.1589         8.2861         9.2549
           1605      0.0012781         0.8951         11.699         11.855
           1617      0.0082455         0.9097         9.7821         10.295
           1660     0.00029319       0.044883        0.37182         9.2103
           1715      0.0023623        0.89812         11.628         11.787
           1753      0.0019728        0.24737         7.8231         9.2487
           1773      0.0039536        0.90755         11.943         12.101
           1853       0.001694        0.90975         11.942         12.076
           1932      0.0059402        0.91035         9.5137         10.068
           2010      0.0024432        0.90113         11.664         11.815
           2088      0.0011378        0.23715         7.5368         9.2401
           2163      0.0026582        0.91914         11.993         12.116
           2181      0.0024511        0.91216          11.81         11.945
           2183      0.0024222        0.91249         11.828         11.958
           2184      0.0014204        0.23188         7.6682         9.2437
           2225      0.0010478        0.88201         11.565         11.741
           2258      0.0068108       0.043405        0.38303         9.2166
           2266     0.00085019        0.68679          9.655         10.262
           2277      0.0068653        0.72585         9.3971         9.7671
           2282      0.0064672         0.1099        0.83226         9.2296
           2288      0.0020469         0.2153         7.7242         9.2446
           2292      0.0082274        0.91009         9.8495         10.385
           2297      0.0012919        0.91222         11.923         12.048
           2372      0.0011796        0.89355         11.628         11.773
           2388      0.0053501        0.23338          8.641         9.2946
           2402      0.0046806        0.19705         8.4477         9.2663
           2427      0.0023692       0.013591      0.0063505         9.2101
           2429      0.0012979        0.23805         7.6326         9.2404
           2540      0.0073261        0.61336          9.252         9.6215
           2662      0.0077615        0.64315         9.2285         9.6008
           2664      0.0015171        0.87642          11.48         11.674
           2677      0.0011003        0.24184         7.5186          9.238
           2704      0.0051109        0.53285         8.8595         9.4002
           2747      0.0031844        0.91426         11.914          12.04
           2759      0.0044007        0.15295         8.3942         9.2593
           2769      0.0053387        0.62588          8.979          9.464
           2771      0.0028162        0.90568         11.782         11.924
           2772      0.0047014        0.67407         8.9183         9.4593
           2812      0.0040027        0.14991         8.2058         9.2511
           2858       0.001629        0.91386         11.925         12.049
           2903      0.0080552        0.73929         9.2908         9.7084
           2925     0.00088353         0.8651         11.288         11.476
           2961      0.0057513        0.68612         9.2578         9.6469
           2988      0.0093337        0.09059        0.80616         9.2261