      trialid       alpha_dup   learning_rate posterior_div_weight     validklp       validnll
              5         1.8208      0.0014793        0.34031       0.053288         9.2117
             12         3.3182      0.0081525        0.90726         9.7336         10.121
             55         1.1021      0.0069983        0.93893         10.184         10.541
             64           16.0      0.0063508        0.96708         11.359         11.604
             68         12.616     0.00051315       0.013852       0.013492         9.2103
             92         4.7958      0.0035876        0.94097         9.9134          10.36
            113         12.944      0.0017018        0.97298         11.121         11.376
            140         1.7697      0.0031361        0.94618         9.9694         10.412
            151          1.907      0.0047319        0.76028         8.9234         9.6643
            159         1.6182      0.0071499        0.91524         9.8544         10.275
            201         5.2664      0.0055255        0.93097         10.017         10.448
            205         1.4003      0.0044319        0.95635         10.195         10.585
            260         7.0446      0.0044136        0.76566         8.8395          9.609
            265         2.4642      0.0058695        0.77879         9.1611         9.7996
            316         2.9214      0.0057827        0.94849         10.383         10.733
            330         5.7721      0.0046118        0.86512         9.1872         9.8488
            332          7.391      0.0013559        0.36932       0.060484          9.212
            397         1.3819      0.0052768        0.89338         9.6048         10.118
            431         2.8796      0.0018824         0.3493       0.085957         9.2131
            433         1.5011      0.0016416        0.12184         0.0355         9.2107
            436         1.9288      0.0018669        0.12538       0.034494         9.2106
            442         9.3916     0.00018139       0.026674       0.011256         9.2103
            450         9.1233     0.00033118       0.043423      0.0055497         9.2103
            468         8.4938       0.004477        0.80027         8.8973         9.6412
            477         4.9987      0.0036795        0.44708         8.0414         9.3052
            516         12.526      0.0083029        0.97363         11.593         11.769
            519         6.2692      0.0032848        0.40439         7.9308         9.2913
            548         2.5169      0.0034888        0.43496         7.9834         9.3045
            558          6.612      0.0014527        0.40238        0.10687         9.2138
            592         7.6283      0.0056958        0.86589         9.4419         9.9564
            608         11.743      0.0053256        0.94787          10.31         10.689
            617         1.4941      0.0017177        0.37785        0.11534          9.214
            625         1.4369      0.0016216         0.3732       0.096647         9.2133
            652         1.9964      0.0024347        0.37978         7.4592         9.2896
            683         5.8182      0.0015121        0.37133       0.080624         9.2127
            727         14.623      0.0075737        0.97617           12.0         12.224
            763         13.354       0.005908        0.95015         10.486          10.85
            796         13.502      0.0015652         0.3612       0.076616         9.2125
            821           16.0      0.0016963        0.37097        0.10246         9.2135
            826         1.6271       0.003762        0.98067         11.169         11.397
            846         6.4322      0.0017908        0.35969       0.094704         9.2133
            854         9.5545      0.0087975        0.97063         11.788         11.968
            870         7.3766      0.0017744         0.3703        0.10888         9.2138
            875         8.4659      0.0016953        0.37973        0.11557          9.214
            893         1.2692      0.0041797        0.46642        0.49069         9.2141
            916          1.824      0.0021729         0.3775         7.4183         9.2827
            918        0.86059      0.0044174        0.50914         2.2314         9.2591
            957         4.0552      0.0027832         0.9856         11.502         11.687
            970         12.694       0.000754       0.019171       0.030986         9.2104
           1008         13.056      0.0068473        0.93947         10.252         10.611
           1010         1.5145       0.002334        0.36891         7.4138         9.2811
           1027         8.2534      0.0022791        0.36749         7.4217          9.289
           1029         3.9119      0.0016861        0.37961        0.11412         9.2139
           1078         1.1921      0.0041196        0.85512         9.2122         9.8533
           1092         3.5911      0.0022297        0.98005         11.212         11.432
           1104         3.9112      0.0041662        0.46909        0.49023          9.214
           1179         4.0232      0.0015562        0.36751       0.081702         9.2127
           1190         1.2942      0.0086821        0.96448         11.603         11.797
           1280         5.3655      0.0039429        0.52959         8.3354          9.357
           1281          2.521      0.0014865        0.38754       0.094335         9.2132
           1307         14.587      0.0014729        0.95354         10.908         11.261
           1332         4.4176      0.0039192        0.61411         8.6601         9.5395
           1361         3.5567      0.0016574        0.33716       0.062602         9.2121
           1362         4.4526      0.0041352          0.548         8.4522         9.4265
           1417         1.0354      0.0040676         0.4517         1.9061         9.2469
           1432         3.1278      0.0049667        0.58814        0.54978         9.2185
           1461          7.106      0.0046336        0.51657        0.51941         9.2141
           1463         1.1461      0.0070285        0.93347         10.119         10.484
           1464         7.6182      0.0014076        0.97535         11.683         11.901
           1475         2.8234      0.0039541        0.43967         2.1165          9.256
           1480         2.2304      0.0015708           0.35       0.067021         9.2122
           1535         2.9963      0.0044767        0.51928         4.0464         9.2745
           1551         8.6625      0.0067684        0.52661     0.00037347         9.2103
           1619         1.6242      0.0046158        0.60473         8.4698         9.4349
           1623         2.8366         0.0001        0.22492      0.0050996         9.2103
           1639         12.972      0.0047733        0.95596         10.258         10.641
           1665        0.96151     0.00018244       0.031001       0.013038         9.2103
           1681         12.155      0.0044608         0.9404         9.9857         10.416
           1715         2.2448      0.0038748         0.6867         8.7115         9.5596
           1775         7.5015      0.0029667        0.97241         10.631         10.925
           1784         6.8734      0.0036462        0.72604         8.6151         9.5355
           1801          4.503      0.0034917        0.98184          11.27         11.495
           1811         9.8387       0.004407        0.60658         8.5791         9.4457
           1878         1.1161      0.0017965        0.35585        0.08984         9.2131
           1882         1.0543     0.00021065       0.011623       0.011001         9.2103
           1904         6.7504      0.0035456        0.46142         8.0839         9.3303
           1905         1.8262      0.0017684        0.35245       0.083961         9.2129
           1906         13.115      0.0067915        0.96742         11.439         11.663
           1912         1.0323      0.0055326        0.86247         9.2691         9.8564
           1923         1.7465      0.0029234        0.96273          10.36          10.72
           1945         1.7873      0.0031754        0.93375         9.7653         10.269
           1957         14.418      0.0025131        0.96613         10.585         10.923
           1975         9.4554      0.0072016          0.849         9.5699         10.087
           2066         3.7534      0.0092622        0.94954         10.801         11.049
           2074         8.2755      0.0092296        0.87021          9.555          10.06
           2077         7.7161      0.0048599         0.5799        0.57899         9.2265
           2113         1.7346      0.0040303        0.64011         8.7725         9.5832
           2121         1.4666      0.0066831        0.82319         9.1522         9.6718
           2177         8.6308      0.0039222        0.51577          8.216         9.3531
           2184         1.6627      0.0041037        0.46557         3.6115         9.2606
           2216         4.9881      0.0046969       0.016309    -4.1816e-05         9.2102
           2243         2.9685      0.0077285        0.85289         9.2803         9.8589
           2263         11.927     0.00055575      0.0074006       0.020317         9.2103
           2275          1.302      0.0038736          0.988          11.81         11.982
           2280        0.92842      0.0041151        0.97289         10.712         11.019
           2290         2.5648      0.0015812        0.10156        0.03175         9.2106
           2292         1.8235      0.0044786        0.58736         8.4161         9.4125
           2305          1.063      0.0049109         0.9575         10.415         10.768
           2311         2.0171      0.0045047        0.90688         9.5086         10.057
           2330          7.025      0.0015199        0.38232       0.093169         9.2131
           2345         1.3765      0.0017635        0.94811          10.42         10.822
           2363          6.461      0.0039583        0.62594         8.7268         9.5811
           2368         5.8331      0.0058128        0.49693     3.3504e-05         9.2102
           2398         1.3816      0.0057179        0.95949         10.684         11.013
           2422         1.1987      0.0034383         0.6694         8.6082         9.5287
           2427         14.698      0.0086319        0.97377         11.679         11.851
           2463         3.9176      0.0070402        0.96118         11.104         11.356
           2467          12.07      0.0064872        0.87986         9.7359         10.164
           2468         15.314      0.0064075        0.91913         9.9059          10.32
           2489         1.0263      0.0048721        0.87698         9.2971         9.9104
           2574         10.382      0.0035935        0.66787         8.5982         9.5134
           2575         1.0663      0.0016028         0.3514        0.07092         9.2124
           2607         3.8986      0.0018096         0.1494       0.035963         9.2113
           2629         1.4947      0.0058176        0.89536          9.604         10.118
           2660         9.6199      0.0043255        0.56053         8.3611         9.3647
           2667         1.4128      0.0061202        0.91846          9.913         10.328
           2726         1.0942      0.0042565        0.47534         1.7688         9.2376