      trialid       alpha_dup   learning_rate posterior_div_weight     validklp       validnll
              7         1.0433      0.0066181        0.65909         9.2229         9.6452
             14        0.88634       0.001316        0.80376         10.706         11.029
             46         15.972      0.0020501         0.6681         8.0639          9.257
             88         5.5717      0.0031921        0.02561        0.48836         9.2164
             93         10.898      0.0018262        0.45365         7.7373         9.2482
             94         1.1654      0.0019076         0.9148         11.953          12.08
             96         13.071     0.00024345       0.020155        0.26118         9.2121
            156         4.0842      0.0014138        0.95353         9.9845         10.541
            157         1.7535      0.0020471        0.91792         11.735          11.87
            166         1.2014       0.001959        0.86106         11.101         11.331
            171         2.7271      0.0023281        0.94217         11.986         12.086
            185         8.0651      0.0016908       0.096221         5.4674         9.2255
            189          4.269      0.0026971        0.63972          8.374         9.2687
            205         1.7056      0.0021954        0.90931          11.62         11.779
            208          1.246      0.0019521        0.86479         11.131         11.361
            211          1.343      0.0023988        0.91452         11.796         11.927
            217         2.1533      0.0022567        0.92272         11.643         11.795
            222         1.3197      0.0013788        0.87834         11.228         11.416
            227         1.2618      0.0024024         0.8959         11.527          11.69
            232        0.97472       0.001251        0.88393         11.507         11.677
            272         7.5329      0.0022519        0.96205         11.807         11.957
            295         1.1344      0.0022262        0.88339         11.409         11.592
            296         1.4694      0.0022654        0.90556         11.606         11.763
            298          1.562      0.0022989        0.89208         11.357         11.552
            301         1.9512       0.002233        0.90341         11.316         11.525
            302         1.0555      0.0014773        0.77744         10.323         10.727
            307         1.7373      0.0021189        0.90751         11.608         11.777
            311         1.7421      0.0021632         0.9225         11.886         12.011
            314         1.0017      0.0019906        0.87793         11.348         11.538
            315         1.4765      0.0020422        0.91492         11.832         11.967
            321         1.2113      0.0021156        0.90561         11.702         11.848
            324        0.96192      0.0014069        0.87209         11.362         11.552
            331         1.7176      0.0021777        0.92294         11.905         12.034
            332         2.6105      0.0021761        0.93575         11.756         11.882
            333         3.6431      0.0020437        0.93998         11.698         11.838
            334         2.5921       0.002289        0.93849         11.992         12.108
            344        0.96356      0.0024394         0.8748         11.349         11.544
            347         1.8657      0.0023661        0.89962         11.276         11.516
            363        0.88108      0.0023407        0.86159         11.275         11.505
            382         1.1446      0.0023419        0.88626         11.422           11.6
            398         1.3182      0.0025013        0.90175         11.575         11.731
            425         1.2349      0.0021443        0.84997         10.885         11.163
            427         1.4261      0.0024054        0.86893         11.034         11.295
            436         1.1604      0.0022576         0.8347         10.732         11.043
            450         1.0677      0.0020645        0.84939         10.992         11.241
            455         1.1314      0.0022833        0.85496         10.979         11.226
            469         1.0601      0.0021069        0.86105         11.113         11.331
            520        0.99275      0.0061061        0.42419         9.1093         9.4818
            525        0.94759      0.0021753        0.82717         10.819          11.11
            534         1.1884      0.0021132        0.84812         10.921         11.185
            569         1.0012      0.0019983        0.81477         10.629         10.944
            579           0.86      0.0020937        0.81812         10.841         11.141
            581          1.144      0.0020487        0.84263         10.902          11.18
            584         1.1796      0.0014784         0.8173         10.639         10.958
            609         1.1395      0.0018385        0.84278         10.945         11.213
            610         4.9216      0.0037585        0.75366         8.5475         9.2956
            620         1.4167      0.0018519         0.8645         11.079         11.331
            624         1.0832       0.001679        0.84801         11.001         11.251
            630         1.5443      0.0017779        0.86786         10.881         11.146
            633         1.1854      0.0017067          0.854          11.06         11.304
            642           0.86      0.0015933        0.81436         10.764         11.058
            645         4.7013      0.0059756        0.64181         8.8571         9.3955
            654        0.90815      0.0018114        0.83964         11.017         11.275
            658         1.1873      0.0017468        0.86109         11.122         11.345
            661           0.86      0.0074117        0.81819         9.3495         9.7983
            663        0.86036      0.0079217        0.86682         9.5375         10.005
            679         1.1188      0.0019028        0.82953         10.534         10.886
            681         4.8578      0.0049001        0.72216         8.6192         9.3147
            708         14.682      0.0022754        0.78909          8.245         9.2625
            709         1.2726      0.0014081         0.8223         10.606         10.917
            713         1.0864      0.0017561        0.79804         10.454          10.84
            749           0.86      0.0058862        0.84594         9.2784         9.7909
            757         1.0311      0.0014924        0.79196          10.48         10.848
            767         1.1052      0.0058684        0.37597         8.9561         9.4117
            785         1.1474      0.0016362        0.77368         10.133         10.627
            787         6.3116      0.0056016        0.62681         8.6307         9.3307
            803         4.0279      0.0051799        0.65353         8.6592         9.3426
            804         11.279      0.0024266        0.75976         8.2993         9.2677
            814         4.9355      0.0058698        0.65078         8.7612         9.3674
            818         1.3662      0.0016906        0.81516         9.6233         10.318
            838        0.94501      0.0018137         0.7837         10.397         10.779
            841        0.99022      0.0021356        0.80107         10.497         10.869
            846         1.1172      0.0019386        0.82053         10.681         11.005
            848         11.201      0.0015618        0.16125         6.4472         9.2324
            852         1.1255      0.0016453        0.81582         10.659          10.98
            860           0.86      0.0017749        0.88251         11.491          11.67
            863         1.4977      0.0016163        0.83738         10.507         10.877
            871         1.0508      0.0015183        0.76631          10.18          10.63
            894         1.3275      0.0016384        0.83457         10.701         11.027
            895         15.684      0.0015297        0.32842         7.2537         9.2376
            897         0.9061       0.001857        0.75656         10.199         10.642
            902         1.0473       0.001686        0.78636         10.349         10.757
            910         5.5928      0.0037013        0.72561         8.5057         9.2891
            911          6.766      0.0019858        0.14476         6.5109         9.2325
            913         8.8389      0.0045758        0.79625         8.5756         9.3025
            922         1.0477      0.0018952        0.78008         10.214         10.663
            944         8.5255      0.0044338         0.7327         8.5529         9.2982
            945        0.96919      0.0020283        0.77307         10.244         10.666
            956         4.9565      0.0035268        0.68484         8.5089         9.2905
            962         8.9916     0.00027026       0.013765        0.15566          9.211
            981         13.163      0.0023183        0.42893         7.6891         9.2454
           1013         7.1894       0.005017        0.73272         8.6242          9.316
           1017         4.8429      0.0055296        0.56569         8.6784         9.3432
           1033         1.0215       0.001989        0.76564         10.073         10.561
           1042         9.2302      0.0016784        0.30345         7.3007         9.2411
           1067         6.7738      0.0043015        0.76771         8.5619         9.3013
           1116         1.1144      0.0019034        0.77265         9.9396         10.493
           1131         1.1742     0.00029366       0.039518        0.04066         9.2102
           1139        0.89325      0.0015183        0.90169         11.859         12.006
           1156         8.5126      0.0020074        0.95191         10.287         10.725
           1223           0.86      0.0020517        0.91359         11.954         12.081
           1250         1.3604      0.0012474        0.81596         9.9503         10.532
           1260           0.86     0.00093183        0.87044         11.376         11.568
           1266           0.86     0.00099932        0.85286         11.248         11.468
           1312         1.1961      0.0010693        0.79274         10.421         10.781
           1326           0.86       0.001542        0.90138         11.817         11.963
           1345           0.86      0.0063175        0.73734          9.269         9.7091
           1362         8.4864      0.0069718        0.39356         8.6972         9.3461
           1375         0.8995      0.0010009        0.82283         10.908         11.183
           1383        0.86092      0.0016543        0.89859         11.714         11.862
           1414         13.225       0.002516        0.15091            6.2         9.2266
           1425          2.412      0.0064222        0.42229          8.838         9.3733
           1433         3.1848      0.0032973        0.17219         7.5191         9.2444
           1470         1.1626      0.0012404        0.77834         9.6754         10.329
           1475         1.1194     0.00081183       0.040245       0.021819           9.21
           1501         1.1218        0.00113        0.79135         10.435         10.811
           1528         11.324      0.0028913        0.84072         8.4631         9.2787
           1569         4.3139      0.0020221        0.37842         7.8819          9.255
           1635         1.1316     0.00039691       0.045897        0.12297         9.2109
           1655         5.0147      0.0018402        0.29934         7.5523         9.2448
           1659         1.2463      0.0012809        0.79355         9.8986         10.468
           1667         4.0292      0.0018827        0.41748         7.8818         9.2547
           1727         1.6168      0.0014123        0.84323         10.646         10.962
           1784          3.249      0.0029058        0.66769         8.4779         9.2889
           1812         1.8774      0.0015995        0.84636         10.113         10.561
           1861         5.3958     0.00026468       0.015621        0.17229         9.2111
           1887         13.866       0.001485       0.052923         1.7352         9.2241
           1889         13.978      0.0004004       0.047954          1.806          9.225
           1898           0.86      0.0075461        0.91315         9.8789         10.337
           1921           0.86      0.0020184         0.9157         11.996         12.119
           1922         10.948      0.0031184        0.39692         7.9113         9.2551
           1947           0.86      0.0016065        0.90018         11.801         11.947
           1957           9.65      0.0033649        0.78839         8.4466         9.2762
           1978         12.887      0.0020081        0.74566         8.2195         9.2602
           1981           16.0      0.0032763        0.81633         8.3839         9.2708
           2128         13.092      0.0032345        0.78581         8.3801         9.2694
           2169         3.2197      0.0018216        0.22751         7.3226         9.2436
           2175           0.86         0.0001       0.068601       0.029993         9.2101
           2181           0.86     0.00043048       0.060236        0.12446         9.2109
           2234         6.1615      0.0036469         0.6967         8.4612         9.2781
           2286         1.1741      0.0014333      0.0078539      0.0022321         9.2099
           2288          3.274      0.0015376        0.90847         10.775         11.059
           2304         9.9684      0.0028755        0.59452         8.1597         9.2571
           2340         3.0518      0.0017936         0.9333         11.674         11.806
           2412         2.0642      0.0059055        0.90982         9.4044         9.9531
           2431         1.0498       0.001877          0.917           12.0         12.152
           2448        0.97263      0.0056008        0.89537          9.459         9.9976
           2455         1.0892     0.00032247       0.040023       0.068378         9.2103
           2483           0.86        0.00604        0.90005         9.6226         10.182
           2498         15.437      0.0017991        0.13652          6.064         9.2262
           2513           0.86      0.0062525        0.83834         9.3952         9.8638
           2560           16.0      0.0029236        0.73898          8.277         9.2642
           2616         1.1986      0.0042171       0.023774       0.011274         9.2099
           2623           0.86      0.0012363        0.90222         11.908         12.053
           2637         1.3481      0.0088695        0.71475         9.1493         9.6322
           2685         8.7622     0.00041507      0.0091028       0.096138         9.2103
           2700         5.3854      0.0030853        0.73384         8.4638         9.2835
           2804         8.1986      0.0020492        0.51612         7.9713         9.2564
           2813         1.2792     0.00062194       0.035759       0.040531         9.2102
           2856         12.609      0.0049415         0.1832          7.039         9.2341
           2885         13.328      0.0015947       0.047085         1.5346         9.2235
           2901          4.747      0.0016167        0.92319         10.268         10.669
           2910          1.873     0.00040063       0.028091        0.11543         9.2108
           2923         14.774      0.0021535        0.53769         7.8569         9.2512
           3047         14.489     0.00049348       0.037968         1.2326         9.2201
           3057         4.1877      0.0061845        0.27434         8.6006         9.3073
           3058         1.1931      0.0062014        0.38192         9.0271         9.4522
           3059         1.3357      0.0068468        0.37347         9.0071         9.4376