      trialid   learning_rate posterior_div_weight     validklp       validnll
             10      0.0063836        0.90124         9.8835         10.334
             46       0.007406         0.9452         10.964         11.274
             81      0.0060154        0.69093         8.7234         9.5189
             92      0.0018279        0.94992          10.47         10.832
            104      0.0053905        0.78299         9.1186         9.7342
            115      0.0032437        0.30938         8.0115         9.3075
            131      0.0044475        0.97871         11.244         11.486
            157      0.0025485        0.97844         11.131         11.353
            161      0.0049617         0.9704         10.957         11.243
            165      0.0019651        0.97511         11.112         11.335
            171        0.00824         0.9307         10.321         10.649
            213      0.0048979        0.50622         8.4111         9.3973
            304      0.0045538        0.50569         8.4321         9.4036
            340      0.0028252        0.13746         7.1603         9.2413
            368      0.0032282        0.17278         7.4724         9.2551
            434      0.0039299        0.38453         8.1971         9.3395
            453      0.0044951        0.45336         8.2903         9.3664
            504      0.0038294        0.36389         8.1182         9.3216
            567      0.0083891        0.10215        0.17666         9.2137
            584       0.005371        0.71873         8.9403         9.6182
            646      0.0014608        0.96786         11.247         11.525
            664      0.0099681          0.908         10.086         10.445
            695      0.0037839        0.28591         7.8347         9.2817
            730           0.01        0.92446         10.308         10.649
            783      0.0037397        0.27845         7.8352         9.2855
            825      0.0025842         0.1192         6.8234           9.23
            889      0.0034502        0.98572         11.713         11.903
            905      0.0043612        0.95219         10.212         10.591
            970        0.00334         0.9709         10.672         10.949
            985      0.0027581        0.11143         6.8894         9.2325
           1001      0.0042077         0.4828         8.3752         9.3875
           1022      0.0036224        0.16998         7.3694         9.2461
           1070      0.0052923        0.68105         8.8097         9.5527
           1074      0.0030885         0.2221         7.5977         9.2615
           1097       0.003878        0.47916         8.4511         9.4112
           1116      0.0099999         0.6463         9.4094         9.8019
           1123      0.0092618        0.95483         11.846         12.053
           1137      0.0011327        0.97318          11.79         12.012
           1157           0.01        0.81042         9.7009         10.113
           1194      0.0036881        0.96119          10.34          10.68
           1202      0.0098326        0.96412         11.659          11.84
           1215           0.01        0.87145         9.8748         10.257
           1223      0.0030281        0.95883         10.412         10.736
           1254           0.01        0.85346         9.7174         10.127
           1288      0.0010771        0.97746           12.0         12.286
           1296      0.0065816        0.80646         9.2351         9.7936
           1381      0.0029213        0.19323         7.3913         9.2546
           1394       0.001436        0.97812         11.617         11.829
           1417      0.0020404        0.96693         10.834         11.105
           1444      0.0012293        0.96214         11.312         11.594
           1467       0.005796        0.98119         11.971         12.169
           1504      0.0081954         0.9674         11.968         12.161
           1544      0.0068521        0.96336         11.375         11.638
           1556      0.0025638       0.098469         6.7269         9.2269
           1590      0.0033717        0.31919          8.047         9.3147
           1630       0.005992        0.70414         8.8811          9.587
           1634      0.0075926        0.92814         10.191         10.565
           1646      0.0016523        0.96771         10.953         11.229
           1650        0.00216        0.93879          10.24         10.636
           1712      0.0026535        0.12586         6.9201         9.2328
           1713      0.0024927       0.099329         6.6735         9.2246
           1757      0.0043722        0.42705         8.2384         9.3579
           1817      0.0072515        0.77352         8.9919         9.6579
           1826      0.0024958        0.96166          10.57         10.883
           1901      0.0042232        0.45005         8.2918         9.3672
           1935      0.0015016        0.96843         11.181         11.448
           1994      0.0076601        0.79687         9.1788         9.7452
           2001      0.0061225        0.73438         8.9331         9.6063
           2009      0.0035555        0.22479          7.668         9.2651
           2036      0.0076672        0.79429         9.0897         9.6957
           2043      0.0059748        0.72582         8.9068         9.6018
           2047      0.0036579        0.30583         7.9137         9.2893
           2113      0.0026382       0.097446         6.7011         9.2256
           2167      0.0067138        0.76397         9.0818         9.6933
           2213      0.0043585        0.45326         8.2753         9.3609
           2226       0.004484        0.58746         8.5374         9.4455
           2227      0.0078767        0.76398         9.0673         9.6896
           2240      0.0023308        0.12755         6.9325         9.2332
           2243      0.0030006        0.23946         7.7087          9.274
           2248      0.0026817         0.1109         6.8144         9.2286
           2275       0.002891        0.95204         10.295         10.645
           2292      0.0043314        0.96655          10.54         10.855
           2315      0.0036387        0.10786         2.4778         9.2204
           2316      0.0085718        0.87007         9.9521         10.338
           2318      0.0025812        0.09119         6.5703         9.2242
           2340      0.0038235        0.22658         7.7311          9.278
           2346           0.01        0.79304          9.598         9.9442
           2370      0.0077509        0.95746         11.459         11.711
           2375      0.0068231        0.97337         11.889          12.11
           2385      0.0047958        0.57521         8.5332         9.4424
           2432     0.00049456       0.024508       0.081185         9.2102
           2442      0.0084335        0.20357        0.41542         9.2199
           2468      0.0076002        0.95156         11.194         11.476
           2475      0.0035149        0.21814         7.5907         9.2577
           2633      0.0052026         0.6693         8.7995         9.5418
           2647      0.0026548        0.11646         6.9102         9.2326
           2662      0.0072099        0.95891         11.392         11.655
           2690      0.0056574        0.74914         8.9727         9.6445
           2706      0.0036688        0.21533         7.6702         9.2667
           2713           0.01        0.20635        0.15443         9.2129
           2718      0.0057437        0.97245         11.365         11.625
           2723           0.01        0.13383        0.24634         9.2166
           2738      0.0030194        0.15597         7.2435         9.2421
           2743      0.0057557        0.66109         8.7357         9.5249
           2754           0.01        0.92671         10.462         10.752
           2779           0.01        0.85269          9.859         10.238
           2807      0.0062281        0.77334         9.0909         9.6995
           2831      0.0095761        0.93811         10.658         10.922
           2833      0.0055325        0.60386         8.6676         9.4595
           2879      0.0055774        0.48959         8.4819         9.4189
           2914           0.01        0.76311         9.4758         9.8657
           2931      0.0040496        0.53065         8.5723           9.45
           3007       0.004195        0.39056         8.1707         9.3359
           3022       0.004847        0.48481         8.3875         9.3892
           3044      0.0049564        0.65188           8.73         9.5215
           3058      0.0038645         0.2341         7.6918         9.2695
           3077      0.0013864       0.032833       0.090209         9.2108
           3078      0.0034629        0.25778         7.8558          9.288
           3081      0.0094057        0.93565         10.915         11.179
           3092      0.0036546        0.39497         8.3367         9.3679
           3117           0.01        0.89909         10.416         10.747
           3162      0.0018771        0.97211         11.049         11.295
           3169      0.0039476        0.95265         10.193         10.591
           3176      0.0080097         0.7976         9.2543         9.7975
           3205      0.0035438        0.41124         8.3504         9.3791
           3208      0.0025707        0.13796         7.0226         9.2357
           3222      0.0056706        0.69317         8.7623         9.5314
           3258           0.01        0.16431        0.40788         9.2178
           3283      0.0054195        0.73117         8.9674          9.625
           3288      0.0037297         0.3018         7.9597         9.3056
           3304      0.0093815       0.094307         0.1304          9.212
           3312      0.0061587        0.69394         8.8148         9.5587
           3313      0.0023589        0.98755         11.782          11.93
           3319      0.0072442        0.78007         9.0405         9.6724
           3340      0.0098024       0.021508         0.1341         9.2121
           3385       0.005156         0.5477         8.5258         9.4196
           3397      0.0028876        0.13467         7.0882         9.2369
           3427      0.0062125        0.61424         8.7134         9.5023
           3430      0.0097915        0.89057         10.031         10.384
           3446      0.0097746        0.10947        0.17104          9.213
           3468       0.009595        0.15256        0.67868         9.2203
           3479           0.01        0.13356        0.23012         9.2165
           3485      0.0076209        0.82077          9.224         9.7874
           3496      0.0038341        0.37686         8.1442         9.3341
           3523      0.0038526        0.28592         7.9515         9.2982
           3525      0.0022724        0.96664          10.83           11.1
           3533           0.01        0.77306         9.5776         9.9414
           3540      0.0056527        0.66092         8.6694         9.4855
           3543      0.0067678        0.75606         9.1137         9.7134
           3552      0.0036996        0.31386         8.0142         9.3108
           3599      0.0079123         0.9594         11.583         11.828
           3648      0.0096517        0.85686         9.8246         10.207
           3696      0.0098085        0.94057         10.774         11.031
           3714      0.0035808         0.3167         8.0396         9.3123
           3716      0.0082083        0.11395        0.20014         9.2142
           3732      0.0027684        0.10567         6.7937         9.2271
           3733      0.0031639        0.33593         8.0657         9.3204
           3829      0.0041559        0.52499         8.5698         9.4472
           3906      0.0069179        0.65768          8.877         9.5715
           3935      0.0075281        0.10013        0.10701         9.2118
           3939      0.0038273        0.96698         10.518         10.846
           3991      0.0038835        0.95442         10.212         10.602