      trialid   learning_rate posterior_div_weight     validklp       validnll
              4      0.0027633        0.25175         8.1882         9.2832
              6      0.0075694        0.52367         9.1911         9.5792
             33      0.0046053        0.62463         8.9357         9.4518
             51           0.01        0.07404         0.6113         9.2233
             59      0.0067188       0.077104        0.18933         9.2141
             62      0.0035794        0.46326         8.5209          9.323
             72      0.0020686        0.81335          10.64          10.96
             88       0.003705        0.31408            8.5         9.2985
             95      0.0050308        0.79798         9.4547         9.8372
             98      0.0029569        0.84946         11.089         11.377
            151      0.0016253        0.85378         11.198         11.429
            161      0.0014719        0.90663         11.832         11.965
            187      0.0007927        0.19746         6.6595         9.2421
            208       0.002096        0.81961          10.71         11.015
            216       0.001627        0.78648         10.435         10.833
            226      0.0021071         0.3819         8.1186           9.28
            244      0.0016684         0.8669         11.309         11.511
            254      0.0020935        0.91003         11.853         11.987
            263      0.0013284        0.80327         10.576         10.901
            264      0.0013303        0.80688         10.665         10.977
            271       0.001184        0.32201         7.7836         9.2666
            291      0.0019923        0.86808         11.238         11.447
            297      0.0012063        0.83903         10.984          11.23
            307      0.0013339        0.85859         11.239         11.456
            337      0.0023527        0.88663         11.533         11.708
            356      0.0020915        0.83251         10.827         11.101
            383      0.0012784        0.84074         10.981         11.216
            391      0.0018601        0.85982          11.16         11.387
            402      0.0019408        0.82767          10.85         11.136
            415      0.0018994        0.84294         10.989         11.244
            421      0.0023089        0.78145         10.288         10.755
            424      0.0029768        0.32107         8.2545         9.2882
            428      0.0020164        0.87226         11.291         11.487
            451     0.00053571       0.051404        0.10221         9.2109
            453      0.0010447        0.22398         7.3683          9.257
            488       0.002018        0.79442         10.429         10.804
            489      0.0014887        0.88666         11.569         11.734
            493      0.0017519         0.7496         9.9361         10.479
            542     0.00085571        0.17893         6.4098         9.2408
            567      0.0010048        0.88427         11.472         11.631
            594      0.0021084        0.77419         10.277         10.719
            599      0.0018203        0.82395         10.697         10.999
            600      0.0016421        0.85495          11.19          11.42
            603      0.0019531        0.86447          11.22         11.432
            604      0.0022771        0.90338          11.71         11.851
            608      0.0016218        0.89108          11.61         11.773
            610      0.0013415        0.88483         11.522         11.688
            611      0.0017303        0.76065         10.005         10.534
            612     0.00024052         0.0397       0.036717         9.2101
            613      0.0026577        0.89285         11.611         11.778
            614       0.001685        0.81947         10.718          11.02
            619      0.0021485        0.82757         10.771         11.068
            626     0.00059545       0.047812       0.093531         9.2107
            629      0.0018824        0.87608          11.37          11.56
            634      0.0012838        0.86431         11.324         11.536
            635     0.00097295        0.21495         7.2184          9.251
            648      0.0013479        0.89709         11.659          11.81
            650      0.0019194        0.74667          9.915         10.461
            652      0.0020907        0.90383         11.772         11.917
            654       0.001678        0.81607         10.624         10.932
            655       0.002121         0.8372         10.894         11.155
            658      0.0017774        0.90698         11.769         11.907
            663      0.0023737        0.85189         11.038         11.278
            664     0.00083643        0.23905         7.3166         9.2526
            667      0.0023051        0.85381         11.067         11.305
            670      0.0016557         0.8195         10.728         11.032
            672      0.0014964        0.84153         10.967         11.208
            674      0.0015447        0.78219         10.384         10.762
            675       0.001528        0.83048         10.844         11.114
            680      0.0012479        0.82885           10.9         11.171
            682      0.0014699        0.84903         11.065         11.304
            683      0.0016032        0.76919          10.22         10.671
            690      0.0017783         0.8736         11.346          11.55
            694      0.0016806        0.78804         10.452         10.836
            700      0.0018074        0.86649         11.255          11.47
            701      0.0015346        0.73637          9.702         10.386
            710      0.0020307        0.85298         11.081         11.315
            718      0.0017271         0.8055         10.584          10.92
            720      0.0015209        0.22866         7.5826         9.2572
            722      0.0015572        0.84293         10.995         11.245
            723       0.001574         0.7999         10.524         10.872
            734      0.0018603         0.7955         10.492         10.847
            735      0.0017917        0.23788         7.7145         9.2649
            757      0.0015075        0.75788         10.113         10.563
            764       0.001744        0.87282         11.346         11.549
            785      0.0059011        0.67126         9.2372         9.6699
            805     0.00053843        0.04016       0.021855           9.21
            807      0.0011229        0.78053         10.129         10.652
            809      0.0039279        0.41124         8.5375         9.3329
            823      0.0032819        0.35321          8.362         9.2971
            825      0.0063489        0.74291         9.3469         9.7729
            832     0.00045715       0.043317       0.040543         9.2104
            843      0.0054583        0.65331          9.336          9.683
            885      0.0021445        0.34219         8.0454         9.2788
            902      0.0053254        0.64559         9.2813         9.6805
            929      0.0060717        0.57387         9.2037         9.5941
            947      0.0023757         0.8965         11.651         11.809
           1002      0.0043079       0.084042         2.4865         9.2333
           1015      0.0004735       0.048788       0.096626         9.2109
           1031      0.0013048         0.8942         11.647         11.798
           1039      0.0033919       0.066972        0.11051         9.2124
           1041     0.00096092        0.19605          6.994         9.2476
           1057      0.0025132        0.88793         11.508         11.686
           1094       0.005487        0.69946          9.267         9.6786
           1117      0.0022288         0.8956         11.626         11.782
           1165      0.0013021        0.90179          11.75         11.891
           1166      0.0058101        0.91219         9.6579         10.176
           1176      0.0048258        0.37161         8.7924         9.3656
           1207      0.0020703        0.91291         11.893         12.022
           1230         0.0001       0.056158        0.02877         9.2101
           1343      0.0033677       0.097857         2.9086         9.2399
           1365      0.0027759        0.37705          8.273         9.2932
           1389      0.0052688        0.87032          9.581         9.9995
           1416      0.0012429        0.89929         11.775         11.921
           1522      0.0025709        0.91737          11.94         12.065
           1532      0.0057423         0.4247         9.1284         9.5128
           1544     0.00044087       0.045907       0.068727         9.2106
           1561      0.0015991        0.38725         8.0013         9.2756
           1581      0.0013827        0.37283          7.969         9.2726
           1605         0.0001       0.056222       0.028943         9.2101
           1674       0.001561        0.89603         11.662         11.813
           1722      0.0025792        0.90886           11.8         11.934
           1730      0.0069065        0.48116         9.1054         9.4922
           1822      0.0069475        0.45047         9.0253         9.4697
           1833      0.0022736        0.91694         11.999         12.123
           1837     0.00040671       0.044852       0.060116         9.2106
           1859      0.0015441        0.91695         11.986         12.104
           1897      0.0021806        0.91403         11.875         12.003
           1937     0.00021897        0.04549       0.040134         9.2103
           1961      0.0019565        0.91346         11.922         12.053
           1989      0.0014591        0.90224         11.781         11.924
           1991     0.00032421       0.042069       0.057032         9.2104
           1997      0.0018784        0.87717         11.388         11.577
           2040      0.0028428       0.086906        0.14085         9.2136
           2062       0.001381         0.8891          11.59         11.758
           2119      0.0098746        0.04124        0.37102          9.217
           2133      0.0020755         0.9029         11.723         11.874
           2138      0.0018828        0.89025         11.549         11.713
           2167      0.0014391        0.35777         7.9193         9.2711
           2170      0.0016814        0.90125         11.742         11.887
           2188      0.0022158        0.89765         11.624         11.779
           2198      0.0013818        0.91841         11.978         12.092
           2228       0.002194        0.91561          11.92         12.046
           2294      0.0055929        0.07002        0.12594         9.2127
           2303      0.0022775        0.90305         11.722         11.866
           2341      0.0050295        0.44754         8.8843         9.3903
           2359      0.0060771        0.37367         8.8023         9.3837
           2368      0.0015055        0.90004         11.734          11.88
           2376      0.0044902        0.44526         8.6772         9.3483
           2386      0.0062268       0.061094        0.13725         9.2129
           2393      0.0021893        0.90677         11.792         11.931
           2473      0.0014496        0.91482           12.0         12.126
           2480      0.0010137        0.83525         10.935         11.178
           2493      0.0020507         0.9108         11.855         11.991
           2503      0.0018037         0.8788         11.416           11.6
           2505     0.00017385       0.047969       0.037385         9.2102
           2527      0.0024829         0.9191          11.99         12.108
           2648      0.0013073        0.88782         11.572         11.735
           2682      0.0015252        0.91321         11.919         12.043
           2687      0.0015977         0.9131         11.954         12.084
           2698      0.0045416       0.086892         0.8933         9.2306
           2761      0.0015424        0.91806         11.989         12.106
           2805     0.00035252       0.040939       0.047764         9.2104
           2808     0.00098169       0.057072       0.071828         9.2107
           2857      0.0018661        0.89363         11.677         11.843
           2894      0.0046713        0.48621         8.7415         9.3638
           2925      0.0016961        0.90713         11.833         11.971
           2933      0.0020944        0.91291         11.915         12.041
           2977      0.0016254        0.90891         11.867         11.994
           3005      0.0011467        0.90585         11.844         11.974
           3031      0.0014768        0.90464         11.812         11.951