      trialid       alpha_dup   learning_rate posterior_div_weight     validklp       validnll
             55          15.71      0.0042295        0.12636         8.8459         9.4388
            133          11.93      0.0033142        0.12955         8.8056          9.413
            154          13.09      0.0032689        0.19123         8.9548         9.4797
            236         12.856       0.003427        0.18454         8.9039         9.4442
            455         15.638      0.0015446        0.54627         10.754         11.214
            465           16.0      0.0016638        0.52437         10.722         11.168
            477           16.0      0.0023763        0.80908         9.6791          10.01
            501         12.149       0.003657       0.076256         8.6588         9.3663
            534         12.626       0.003779       0.073603         8.6337         9.3532
            580           16.0      0.0023471        0.88039         9.7535         10.069
            727         10.584      0.0028327       0.057721         8.5861         9.3311
            853         13.335      0.0030791       0.015672         3.3844         9.2469
            870         14.511      0.0034673         0.3868         9.1603         9.5904
            935         12.757      0.0028844       0.004507      0.0011211         9.2099
            999           16.0      0.0024634        0.79414         9.6449         9.9674
           1042           16.0      0.0018132        0.51338         10.713         11.142
           1051         15.792      0.0016058        0.94867         9.9173         10.312
           1083         14.557      0.0038649        0.37895         9.1818         9.6204
           1092         15.784      0.0032316       0.014502         2.8273         9.2384
           1094         15.882      0.0027432       0.021336         7.7098         9.2823
           1130         15.512      0.0025343        0.63311         9.4661         9.8431
           1156         12.834      0.0036722        0.29469         9.0794         9.5722
           1159           16.0      0.0023157        0.91545         9.8832         10.227
           1248           16.0      0.0044857        0.50378         9.2939          9.676
           1280         14.367       0.002757       0.018235         7.5458         9.2628
           1294         12.609      0.0044894       0.042008        0.53699         9.2194
           1426         14.112      0.0026067       0.019444          7.585         9.2662
           1445         13.257      0.0042202       0.024079         1.4122         9.2319
           1577           16.0      0.0020733        0.83023         9.6563         9.9909
           1662           16.0      0.0016314        0.91439         10.007         10.493
           1673           16.0       0.005032        0.56198         9.3187         9.7039
           1681           16.0      0.0046635        0.55504         9.2564         9.6456
           1732         11.127      0.0047043       0.052278        0.55622         9.2223
           1781           16.0       0.003278       0.027278         7.9726         9.3051
           1878          14.03      0.0028267       0.018565         7.6664         9.2805
           1962         11.384       0.003015      0.0049357      0.0025916         9.2103
           1970         13.199      0.0026752        0.02219         7.7147         9.2854
           1986         9.6976      0.0027512        0.05542         8.5364         9.3229
           2003         12.174      0.0041016       0.026797        0.50277         9.2177
           2011         11.822      0.0029267       0.020922         7.8555         9.3031
           2097         14.105      0.0037252        0.38367         9.0332         9.5063
           2114           16.0      0.0026965      0.0023729        0.02911         9.2105
           2144          15.85      0.0014361        0.97375         10.084         10.601
           2205         15.042      0.0018393        0.36763         10.244         10.748
           2315         15.325      0.0042303       0.022536      0.0022086         9.2102
           2404         12.155      0.0042144        0.03691        0.51827         9.2181
           2418           16.0      0.0023953       0.022783         7.7269         9.2898
           2562           5.33     0.00028722       0.065398      0.0013043         9.2101
           2578         15.463      0.0024885      0.0015491       0.013745         9.2103
           2604           16.0      0.0021725        0.91749         9.7816          10.11
           2630           16.0      0.0016614      0.0085317       0.059464         9.2122
           2704           16.0     0.00080811      0.0023698       0.026646         9.2104
           2783         15.873      0.0025211       0.022854         7.7687         9.2945
           2894           16.0      0.0041316       0.022033         1.3427         9.2275
           2919         12.927       0.003787        0.29774         9.0609         9.5304
           2996           16.0      0.0042174        0.48268         9.3299         9.7502
           3098         14.569      0.0032207       0.012774        0.37282         9.2124
           3116          15.88       0.002614        0.64518         9.3921         9.7603
           3127           16.0      0.0026102       0.022695         7.6342         9.2708
           3171           16.0      0.0017942        0.97048         9.9884         10.361
           3183           16.0      0.0042579        0.40117         9.1684         9.6034
           3246         11.315      0.0032788       0.097346         8.7339         9.3713
           3264           16.0      0.0040625        0.59345         9.5262         9.9367
           3346          13.82      0.0052207       0.049676    -0.00013825         9.2098
           3434         11.219      0.0032437       0.091302         8.6799         9.3673
           3443           16.0      0.0024417        0.91082         9.8129         10.119
           3458           16.0       0.002426         0.9197         9.8221         10.127
           3486          10.44      0.0029393        0.10623         8.7341         9.3913
           3502         11.051      0.0029996        0.11599         8.7845         9.4042
           3519           16.0      0.0022128        0.83758         9.8465         10.203
           3553         14.196      0.0037183        0.36346         9.0538           9.52
           3586         14.662      0.0035652        0.35547         9.1063         9.5732
           3671         15.448      0.0027546       0.016375         7.4396         9.2534
           3776         15.875      0.0018158         0.9999         9.9527         10.334
           3786           16.0      0.0012166        0.69026          10.19         10.697
           3880         14.137      0.0040561       0.027004         1.4336         9.2361