      trialid       alpha_dup   learning_rate posterior_div_weight     validklp       validnll
              6           11.7      0.0087028        0.83755         8.6519         9.3145
             62           16.0     0.00011052        0.42891        0.24923         9.2133
            120         6.0137      0.0039776        0.63739         7.5855         9.2296
            190         6.7073      0.0075405        0.74222         8.3467         9.2612
            201         14.607      0.0033479        0.15325       0.032125           9.21
            205         9.3056       0.009681        0.88477         9.1336         9.8291
            215         4.3044      0.0034934        0.74862         8.5062         9.2974
            227         12.194      0.0016991        0.24107       0.093115         9.2107
            234         7.4404     0.00025624        0.33668        0.21894         9.2129
            255         10.965     0.00016032          0.367        0.21045         9.2125
            335         3.3097      0.0073565        0.68972         9.1202         9.6292
            344           7.03      0.0044016        0.75479         8.1922          9.257
            356           16.0      0.0036927         0.7032         7.1769         9.2221
            388         15.297     0.00018951        0.31275        0.15221         9.2117
            407           16.0      0.0032692        0.61101         6.8535           9.22
            465         1.7875      0.0020979        0.43941         8.1275         9.2512
            469           16.0       0.002963        0.25543        0.10096         9.2112
            486         4.4448      0.0057039         0.6209         8.0953         9.2449
            504           16.0     0.00020405        0.31829        0.16718         9.2118
            551          14.05       0.002659        0.32801        0.17799         9.2122
            571         9.8178     0.00012626        0.15301       0.033246         9.2102
            611         7.7332       0.004875        0.67617         7.5765         9.2268
            640         5.4439     0.00062773        0.19333       0.035552         9.2103
            650         3.0447      0.0032005        0.66477         8.4962         9.2903
            676         7.3054      0.0041245        0.66248         7.5054         9.2239
            691         11.824      0.0037474        0.66054         7.1683         9.2208
            708         3.2558       0.003437        0.67701         8.5169         9.2974
            774         13.151      0.0040823        0.63069         6.9706         9.2201
            824         12.868      0.0039081        0.64243         7.0029         9.2206
            872         13.069     0.00030398        0.26551        0.11623         9.2114
            895         4.1846      0.0035373        0.65802         8.1747         9.2545
            995         4.6556       0.003206         0.7843          8.494         9.2846
           1002           16.0     0.00010065         0.1544       0.048788         9.2104
           1088         12.129       0.004893        0.77872         7.9019         9.2371
           1168         1.7785      0.0058155        0.27269       0.044018         9.2103
           1231         5.6736      0.0036591        0.71636         8.1695          9.253
           1246         11.512      0.0038912        0.77838         7.9271         9.2409
           1288          5.736      0.0050114        0.65573         7.7718         9.2299
           1303         2.1994       0.003412        0.42638         7.7762         9.2321
           1402          2.315       0.003365        0.56491         8.4498         9.2727
           1442         3.8451      0.0042853        0.60479         7.8894         9.2354
           1502           16.0       0.002325        0.22891       0.088952         9.2104
           1576         14.331      0.0040867        0.91962         8.6526          9.333
           1629         15.912     0.00011716       0.093572       0.017895           9.21
           1642         1.4429      0.0022608        0.24607        0.13611         9.2116
           1672         2.5718      0.0023841        0.43006         7.3585         9.2224
           1678         3.6795      0.0054163        0.58805         8.0111         9.2414
           1692         2.5306      0.0035382        0.53119         8.1009         9.2505
           1719         2.7814      0.0078375         0.6191         8.9285         9.4635
           1738         3.1554      0.0059132        0.56983          8.246         9.2589
           1840         2.0709      0.0024392        0.31388        0.15906         9.2118
           1852         2.9835      0.0038214        0.53482         7.8792         9.2347
           1858         8.4436      0.0097549        0.86717         9.3782         9.8951
           1888         3.2963      0.0040357        0.54591         7.7966         9.2341
           1889         3.3031      0.0085384        0.63656         8.7879         9.3548