      trialid       alpha_dup   learning_rate posterior_div_weight     validklp       validnll
             22        0.91036      0.0033937        0.85655         11.058         11.285
             28         0.8698      0.0016673        0.64199         9.4553         10.152
             88         14.102      0.0042047        0.10053         6.1956         9.2128
             89         1.2271      0.0014602         0.8735         11.267         11.447
            102           0.86      0.0017546        0.84863         11.002         11.196
            108         1.7266      0.0038472        0.78797         8.7151         9.3452
            114         4.2972      0.0024971        0.54176          8.299         9.2443
            127         8.8875      0.0056211        0.10268         6.5135         9.2198
            149         1.3924      0.0022466        0.90561         11.591         11.726
            168         1.6602      0.0040697       0.096778           7.68         9.2312
            182         1.3682      0.0019294         0.9156         11.772         11.889
            185         1.2232      0.0025203         0.8328         8.7151         9.3461
            188         1.4414      0.0017417        0.86265         11.057         11.275
            189        0.92943      0.0030203        0.90687         11.723         11.852
            191         1.0309      0.0014303         0.7839          10.46         10.795
            192         1.3497      0.0014078         0.8672         11.168         11.367
            195        0.86749      0.0026127         0.9085         11.673         11.796
            200         2.1184      0.0026547        0.90625         11.313         11.508
            208         1.5833      0.0019181        0.92459         11.882         11.987
            224         1.3092      0.0020397        0.84823          10.93          11.18
            225         0.9867      0.0021301        0.84693         10.952         11.184
            226         1.6758      0.0020643        0.90668         11.537         11.683
            228         1.0696      0.0027121        0.87306         11.241         11.433
            237         1.1273       0.002361        0.87032         11.167         11.365
            273         3.3425      0.0032169        0.70521         8.5493         9.2673
            300         14.209      0.0030009        0.44242         7.9215         9.2355
            305         1.2109      0.0025997        0.85093         8.7488         9.3682
            308         12.638      0.0023739        0.77846          8.319          9.248
            312          1.495      0.0020829        0.88053         11.198         11.391
            314        0.96662      0.0023886        0.85964          11.12         11.326
            319         1.0476       0.002051          0.846         10.962         11.192
            331         5.9665      0.0028006       0.011912         1.5924         9.2108
            333         15.435      0.0020963        0.36105         7.5477         9.2297
            341         3.1933      0.0035468        0.76371         8.6396         9.2817
            347         1.4347      0.0023444        0.75944         9.4419         10.109
            350         1.3657      0.0029602        0.87343         11.014         11.242
            379         1.2157      0.0039936        0.75887         8.7208         9.3642
            383         1.0298      0.0020525        0.78702         10.379         10.742
            384         1.7428      0.0021036        0.87834         11.026         11.245
            420         3.0509      0.0033797        0.71158         8.5875         9.2721
            425         1.1249      0.0026983        0.83804         10.766         11.045
            429         3.7954      0.0028215        0.66839         8.4691         9.2568
            430         1.2368       0.003488        0.86113         8.8132         9.4355
            431         10.587      0.0024379        0.75245          8.334         9.2496
            433        0.90084      0.0033225        0.84512           10.9         11.135
            445         4.5041      0.0037933         0.6254         8.5094         9.2621
            454        0.96044      0.0027562        0.79578         8.7123         9.3366
            462         1.0896      0.0023848         0.7969         8.6705          9.323
            470         1.9864       0.003001        0.86794         10.246         10.636
            477         1.0919      0.0035591        0.84713          8.796         9.4311
            483         1.1255      0.0040514        0.85164         8.8227         9.4584
            486        0.86231      0.0032069        0.86386         11.149         11.338
            494        0.96742      0.0035574        0.84966         10.932          11.18
            501          1.011      0.0039682        0.88043         11.333         11.532
            507           0.86      0.0041211        0.88545         11.481         11.652
            520           2.12       0.001706        0.88365         11.091         11.308
            526          2.162      0.0017506        0.89573         11.272         11.458
            537         2.3572      0.0021843        0.88101          10.51         10.832
            543         1.4024      0.0018074        0.83418         10.736         11.021
            544         1.7338      0.0016402        0.87137         11.083         11.305
            546         1.7931      0.0017669        0.87903         11.128         11.333
            550         1.4843      0.0013949        0.84296         10.582         10.843
            555         3.7467      0.0016787        0.92491         11.341         11.533
            557         1.6491      0.0013904         0.8823         11.406         11.602
            560         2.6371      0.0018031        0.90708         11.208         11.406
            562         1.3201      0.0019355        0.84441         10.632         10.892
            572         1.3859      0.0017063        0.84214         10.843         11.103
            576         2.1029      0.0020438        0.90119         11.283         11.466
            577         1.7073      0.0016198        0.88002         11.227         11.422
            579         1.8952      0.0020611        0.88675         11.114         11.319
            586         1.8162      0.0017758        0.86618         10.914         11.155
            588         1.5526      0.0018341        0.86845         11.047         11.258
            591         1.5751      0.0016532        0.84991         10.861         11.118
            612         1.6723      0.0016059        0.84888         8.6711         9.3269
            616         1.7456      0.0017752        0.87253         11.027         11.249
            638         1.3488      0.0019012        0.84422         10.839           11.1
            642         1.6744      0.0017858        0.85812         10.873         11.124
            647         1.5104      0.0017484        0.83743         10.727          11.01
            653         1.5346      0.0017406        0.83735           10.7         10.985
            654           0.86      0.0013299        0.90258         11.888         12.017
            656         1.3393      0.0019043        0.83261         10.724         11.008
            659           0.86      0.0021601        0.92702           12.0         12.091
            662         1.2228      0.0019281         0.8029         10.465         10.818
            671         1.3276      0.0020172        0.83457         10.742         11.028
            672         7.5556      0.0021609         0.5585         8.1723         9.2397
            676          1.332      0.0062349        0.51747         8.9957          9.603
            681          1.099      0.0022771        0.81158         10.364          10.71
            706         1.2261      0.0020662        0.83507         10.762         11.038
            709         1.9148      0.0018208        0.85287         10.705         11.002
            722         1.9997      0.0044085        0.68857         8.7067         9.3309
            724           0.86      0.0035759        0.91336         11.818         11.935
            734         1.6548      0.0017426        0.85248         10.824         11.081
            750          3.481     0.00012564       0.021392        0.50315         9.2102
            765         1.1421      0.0018908        0.78476         10.198         10.577
            770        0.99825      0.0022996        0.79217         10.439         10.792
            772           0.86      0.0016988        0.90242         11.773         11.895
            777         1.6592      0.0016268        0.84657         10.794         11.074
            783         14.754      0.0020918        0.64203         8.0572         9.2384
            805         2.5732      0.0019975        0.88949         10.692         10.985
            817         1.3588      0.0018906        0.82704         10.664         10.976
            841         9.4568      0.0017657         0.7624         8.3224         9.2486
            862         1.1457      0.0018242        0.78365         10.147         10.536
            870         1.3278      0.0019133        0.82563          10.67         10.981
            889        0.86137      0.0021736        0.92708         11.978         12.065
            890           16.0      0.0031992       0.068784         5.1999         9.2119
            895         2.0579      0.0019051        0.84924         10.427          10.78
            900         1.2758      0.0017927        0.81227           10.3         10.639
            906           0.86      0.0016335        0.90206          11.71         11.832
            916         1.0514      0.0019511        0.72888         9.8341         10.364
            925         1.6569      0.0017481        0.83822         10.649         10.944
            927         1.6721      0.0017143        0.82107         10.395         10.746
            937         1.2091      0.0016893        0.78798         10.162         10.541
            938           1.35      0.0016737        0.80975          8.646         9.3119
            959        0.86398      0.0014369         0.8942         11.711         11.847
            971         4.5799      0.0022329        0.68941         8.4295         9.2512
            991         1.1456      0.0015037        0.78597         10.371         10.726
           1054        0.86945      0.0017337        0.90545         11.767         11.888
           1061         1.1527      0.0018869        0.76772         10.108         10.534
           1103         0.9801      0.0017781        0.77089         10.319         10.702
           1110         1.1332      0.0016452        0.78231         10.329         10.702
           1130         1.3163      0.0015707        0.79876         8.6442         9.3033
           1170           0.86      0.0014328        0.89223         11.691         11.831
           1209         1.1994      0.0016071        0.79345         10.403         10.747
           1219        0.86013      0.0015208        0.89215         11.649         11.785
           1281         4.0708      0.0021547        0.68633         8.4599         9.2524
           1286         1.2113      0.0014825        0.79019         10.242         10.594
           1307         1.1891       0.001736        0.74649         9.9284         10.429
           1432         7.0259      0.0017764        0.18671         7.1056         9.2262
           1436         1.1412      0.0019178        0.78073         10.083         10.482
           1444         11.559      0.0021573       0.032118         4.1586          9.211
           1455         1.1419      0.0017346        0.77424          10.06         10.457
           1492         1.0927      0.0019329        0.74679         9.8056           10.3
           1518         1.4337      0.0021775        0.78233         9.9413          10.44
           1519          15.78      0.0017827        0.35989         7.4677         9.2293
           1529         1.3978      0.0021493        0.77478         9.8986         10.415
           1537          1.144      0.0018994        0.75177         9.9687         10.455
           1572         1.5722      0.0020706        0.78244         9.8127         10.363
           1603           0.86       0.001524        0.88754         11.602         11.741
           1605         1.3601      0.0024361        0.75179         9.4431         10.112
           1606        0.86035      0.0020509        0.91268         11.795         11.908
           1614         4.7572      0.0019745        0.60525         8.2848         9.2431
           1630         5.5496      0.0020767         0.4593         8.0354         9.2378
           1654           0.86      0.0017805        0.91104          11.83         11.944
           1671        0.93136      0.0020856        0.72126         9.8838           10.4
           1674           0.86      0.0020463          0.903         11.685         11.811
           1686         1.4636      0.0021111        0.76609         9.6752         10.263
           1687         4.9181     0.00014467       0.020472        0.42199         9.2101
           1726         4.4283     0.00097318       0.016925         1.0381         9.2105
           1735         9.8401      0.0032714        0.69653         8.3456           9.25
           1765         7.5879       0.001371        0.21055          6.892         9.2249
           1821         2.8384       0.006593        0.91865         9.0909          9.801
           1851          2.421      0.0050102        0.92305         8.9153         9.5582
           1852          1.219      0.0064042        0.90315         9.5224         10.214
           1885         7.4935      0.0034568        0.94236         8.7954         9.3992
           1928           16.0      0.0027801      0.0026365       0.016599         9.2101
           1939         1.1657           0.01        0.89573          9.434         10.104
           1944         5.0498      0.0017798        0.13363         6.7102         9.2242
           2011         1.8137      0.0016747        0.80436         9.3273         10.041
           2142         1.9351     0.00023123       0.040952        0.73381         9.2104
           2235        0.86496      0.0019704        0.91581         11.845         11.947
           2246         3.5964      0.0034004         0.6194         8.4705         9.2604
           2300         1.3551      0.0022989        0.75389         9.5844         10.215
           2314         13.458      0.0014087        0.51657         7.7023         9.2334
           2343           0.86      0.0014392        0.88929         11.657         11.796
           2420         2.5996      0.0029454        0.89478         9.7005         10.273
           2456           0.86      0.0018189        0.89937         11.679         11.806
           2503         2.7103      0.0013536        0.20805          7.339         9.2276
           2580           16.0      0.0060708        0.16946         6.6845         9.2241
           2593         1.5303      0.0022011        0.77817         9.6996         10.272
           2653         7.1083      0.0017975        0.13341         6.6094         9.2233
           2662         3.1195     0.00014835       0.033881         0.6217         9.2102
           2675        0.86058      0.0015957        0.88942          11.61         11.748
           2717         4.0544      0.0020567        0.31306         7.7829         9.2337
           2723         4.0254      0.0020564        0.35687         7.9413         9.2371
           2748         1.4916      0.0022364        0.79154         9.9516         10.455
           2796         1.5721           0.01        0.51063         9.0288         9.6114
           2850         7.1191      0.0023213        0.38225         7.8707         9.2346
           2857           0.86      0.0019842        0.91946         11.936         12.035
           2860         2.1157      0.0055374        0.92067         9.2317         9.8146
           2902        0.88703      0.0096917        0.88623         9.2911         9.8555
           2917        0.92475      0.0081259        0.49525          8.974         9.5816
           3042           0.86      0.0072398        0.73163         9.0621         9.7715