      trialid       alpha_dup   learning_rate     validklp       validnll
              5          2.292       0.003401         8.4344         9.2563
             22         2.2185           0.01         8.7989         9.3233
             73         1.9166      0.0088868         8.8444         9.3426
            185         2.5628      0.0036016         8.4776         9.2631
            257          8.772      0.0064727         8.9728         9.4986
            356         1.3279      0.0057728         8.2899         9.2395
            400         2.7561           0.01         9.0474         9.5398
            414          2.818      0.0030724         8.4531         9.2611
            479         1.0319      0.0010718       0.047124         9.2104
            486         1.2002      0.0042828         8.0542          9.229
            646         1.7202      0.0083555         8.6979         9.2837
            692         13.866      0.0060545         8.9029         9.4654
            737         1.0485      0.0014882       0.088224         9.2107
            822         1.0488     0.00092736       0.067474         9.2105
            870         2.4278       0.002745         8.3904         9.2531
            897         1.0538      0.0010041       0.087187         9.2106
            928         1.0179     0.00044783       0.031078         9.2103
           1022         1.0317      0.0010753       0.045734         9.2104
           1032         2.6995      0.0030479         8.4387         9.2589
           1108         2.7958      0.0031104         8.4546         9.2628
           1144         3.9471      0.0031569          8.533         9.2712
           1214         1.9879      0.0030915         8.3049         9.2513
           1257         2.1654      0.0097768         9.1142         9.5761
           1367         1.0272     0.00068839       0.039683         9.2104
           1509         4.8867      0.0079362          9.044         9.5379
           1546         2.3287      0.0098884         9.0966         9.5663
           1550         2.7566      0.0028133         8.4392         9.2599
           1606         1.0527      0.0010548       0.083491         9.2106
           1732         2.2843      0.0029851         8.3915         9.2547
           1842         7.8149      0.0072672         8.9443         9.4895
           1852         4.2504      0.0071136         9.0883         9.5641
           1876         6.0053      0.0030527         8.5393         9.2751
           2024         15.996     0.00043929         9.3132         10.711
           2049         1.0502     0.00089381       0.072002         9.2105
           2082         2.0025      0.0092901         8.7597         9.2999
           2116         1.0441     0.00097571       0.054141         9.2105
           2123         1.0242      0.0011366       0.011077         9.2102
           2142         1.0191     0.00077393       0.025272         9.2103
           2186         1.0496     0.00085972        0.06882         9.2105
           2320         7.2889      0.0036278         8.5831         9.2814
           2359         1.0437     0.00090366       0.052821         9.2105
           2457         11.672      0.0061275         8.9342         9.4807
           2486         8.6887      0.0064932          8.993         9.5118
           2528         1.0486     0.00090975       0.066895         9.2105
           2552         1.2261      0.0018646         7.4295         9.2251
           2616         8.2125      0.0088948         9.0186         9.5354
           2734         1.0481      0.0009919       0.065507         9.2105
           2741         1.0511     0.00084193       0.073238         9.2106
           2786         1.0626       0.001469         3.9189         9.2109
           2901         3.3549      0.0038857         8.5082         9.2644
           2917         5.6393      0.0077893         9.0009          9.526
           2956         1.0458     0.00095994        0.05853         9.2105
           3012         3.0705      0.0041883         8.5768         9.2756
           3085         1.0473     0.00096915       0.063198         9.2105
           3263         2.1502      0.0030848         8.3553         9.2529
           3301          1.186      0.0040614         7.9029         9.2268
           3319         3.8938      0.0072278         9.0759         9.5522
           3327         1.0414       0.002023       0.013683         9.2103
           3346         4.0431      0.0032927          8.522         9.2693
           3418         1.0514     0.00093103       0.076808         9.2106
           3460         1.0521      0.0010407       0.080438         9.2106
           3604         1.0332     0.00095473       0.032845         9.2104
           3664         3.4121      0.0068528         8.8468         9.4114
           3717         1.0374     0.00097973       0.039737         9.2104
           3775         2.1516           0.01         8.7739         9.3116
           3829         1.0511     0.00090069       0.075397         9.2106
           3945         1.0333      0.0010727       0.052126         9.2104
           3956         1.0512      0.0010735        0.07721         9.2106