      trialid   learning_rate posterior_div_weight     validklp       validnll
             28      0.0083814        0.95479         10.778         11.006
             57     0.00075947       0.094666       0.028124         9.2105
             62      0.0049622         0.5917         8.6103         9.3585
             69      0.0055077        0.83208         9.4775         9.9378
             76      0.0017621        0.98583         11.854         12.022
             77      0.0056873        0.97905         11.592         11.793
             93      0.0014365        0.34058       0.034893         9.2114
            147      0.0053861        0.91162         9.7284         10.198
            178      0.0015575        0.36796       0.064052         9.2123
            200      0.0034042        0.96575         10.427         10.755
            240     0.00017142       0.041969       0.013394         9.2103
            242      0.0059749        0.98004         11.865         12.052
            274      0.0015312         0.3776       0.069804         9.2125
            284      0.0018415        0.36396       0.084412          9.213
            305      0.0014633        0.41747        0.10175         9.2139
            316      0.0018401        0.35852       0.077879         9.2128
            330      0.0017084         0.3743       0.085102         9.2131
            332      0.0018629        0.36816       0.091688         9.2133
            337      0.0018052        0.37331       0.093626         9.2134
            338       0.001887        0.37875        0.11002          9.214
            361      0.0069097        0.94411         10.423         10.752
            379      0.0016209        0.39291       0.096306         9.2135
            387      0.0044881        0.70317         8.9379         9.6885
            437      0.0036925        0.42384         7.8851         9.2707
            487     0.00087143        0.55764       0.037103          9.212
            503      0.0039383        0.41948         6.0793         9.2668
            505      0.0046724        0.98177         11.459         11.668
            588      0.0013519       0.059462       0.033028         9.2106
            591      0.0005204       0.027491       0.014669         9.2103
            681      0.0021667        0.37046        0.11409         9.2143
            724       0.007118        0.96777         11.558         11.785
            735     0.00052245       0.029456       0.015277         9.2103
            744      0.0015872        0.97403         11.267         11.515
            748      0.0070169        0.92798         9.9892         10.381
            773     0.00044022       0.052504       0.015313         9.2103
            825      0.0099321         0.9608         10.971         11.198
            858      0.0047243        0.58219         8.4065         9.3234
            893      0.0048083        0.98745           12.0         12.165
            912      0.0017854        0.38813        0.11404         9.2141
            921      0.0078321        0.91294          10.09         10.435
            927      0.0031717         0.9774         10.897         11.155
            938       0.001853        0.36534       0.087254         9.2131
            961      0.0066376        0.89626         9.6379         10.096
            991      0.0047086        0.95566         10.278         10.656
           1031      0.0022389        0.97621         11.013         11.267
           1038      0.0093172        0.96221         11.648         11.839
           1046     0.00052713        0.02175       0.013706         9.2103
           1078     0.00064152       0.015696       0.021972         9.2104
           1194      0.0056184         0.9175         9.8895         10.327
           1233      0.0054421        0.94113         10.156         10.558
           1286      0.0048883         0.7979         9.0276         9.6906
           1376      0.0046615        0.54078         2.1426         9.2407
           1385      0.0063536        0.47109      4.435e-05         9.2103
           1407      0.0039917        0.47885         8.1362           9.28
           1423     0.00043185       0.045835       0.012771         9.2103
           1432      0.0003581       0.081374       0.010924         9.2103
           1456      0.0086956        0.86538         9.5566         10.029
           1462      0.0075979        0.86786         9.5822          10.08
           1481       0.004143        0.48829         4.2676         9.2636
           1495      0.0008656       0.081267       0.029206         9.2105
           1497      0.0074261        0.86945         9.6755         10.134
           1567      0.0041577        0.49105         8.1755         9.2833
           1620      0.0045531        0.53663         8.3198         9.3181
           1621      0.0012747        0.40981       0.052192          9.212
           1624      0.0039724        0.93598         9.8086         10.291
           1635      0.0072805        0.84625         9.3344         9.8802
           1661      0.0043179        0.53865         8.4115         9.3341
           1663      0.0016673        0.38795       0.097058         9.2136
           1671      0.0080582        0.88483         9.4242         9.8981
           1689      0.0042102        0.94069         9.9224         10.368
           1711      0.0075498         0.8522         9.5565         10.003
           1761      0.0057988        0.34044     4.2666e-05         9.2102
           1829      0.0043655        0.48401         4.2221         9.2602
           1882      0.0037533        0.44349         8.0384         9.2747
           1919      0.0032805         0.9704         10.613         10.916
           1937      0.0039608        0.47836         8.2841         9.3065
           1951      0.0042774        0.48033         4.2237          9.262
           1972      0.0046017        0.98593         11.794          11.97
           1984      0.0042755        0.46621          1.973          9.229
           2034      0.0016536        0.37522       0.079691         9.2129
           2044      0.0076227        0.84734         9.2971         9.8154
           2059      0.0023066        0.95095         10.195         10.609
           2085      0.0066674        0.88606         9.6829          10.14
           2119      0.0053307        0.85967         9.5087         9.9837
           2129      0.0046973        0.79806         9.0765         9.7474
           2141      0.0018855        0.37266        0.10023         9.2137
           2174       0.003852        0.92762          9.747         10.238
           2218      0.0079948         0.8551          9.241         9.7717
           2264      0.0013201        0.96993         11.694         11.949
           2306      0.0063307        0.94539         10.526         10.856
           2326      0.0043966        0.49458         2.0094          9.235
           2348      0.0045547        0.81528         9.0286         9.7144
           2350      0.0051755        0.79336         9.1457         9.7693
           2424      0.0043518        0.49576         4.3181         9.2657
           2444      0.0015807        0.38136       0.078266         9.2129
           2524      0.0018422        0.36384       0.084558         9.2131
           2611      0.0035617        0.98589         11.515         11.705
           2671      0.0018235        0.36161       0.080505         9.2129
           2710     0.00038941       0.075965       0.015341         9.2104
           2736     0.00042182       0.049222       0.012581         9.2103
           2739       0.004019        0.47775         8.2027         9.2858
           2774      0.0039648        0.44426         4.0637         9.2517
           2834      0.0012864       0.068466       0.026815         9.2104
           2893     0.00019793        0.25591      0.0098756         9.2103
           2907      0.0060383        0.89941         9.7181         10.178
           3020     0.00063811        0.15902       0.008681         9.2103
           3109      0.0011077          0.941         11.098         11.509
           3111      0.0010492        0.46777       0.036439         9.2117
           3119      0.0054502        0.69564         8.7307         9.5158
           3126      0.0040512        0.47459         8.2775         9.2924
           3132      0.0047184        0.96283         10.397         10.744
           3177     0.00040334       0.047624       0.010386         9.2103
           3193      0.0065882        0.96786         11.337         11.578
           3208      0.0041146         0.9678         10.496          10.82
           3252      0.0018193        0.35873       0.076915         9.2128
           3255      0.0049665        0.95614         10.355         10.713
           3278      0.0041241         0.4908         8.2948         9.3088
           3293      0.0020182        0.35792       0.086264         9.2131
           3351      0.0025798        0.97928         11.086         11.331
           3359      0.0033858         0.9699         10.555          10.86
           3442      0.0044727        0.56098         8.3348         9.3212
           3448      0.0044825        0.55943         8.4802         9.3472
           3473      0.0011466        0.45618        0.05416         9.2123
           3487     0.00016451       0.036788       0.011223         9.2103
           3505      0.0041688        0.47227         4.1635         9.2599
           3531      0.0068729        0.91401         9.8895         10.303
           3539      0.0014263        0.41073       0.087426         9.2133
           3543      0.0050411        0.79135         9.1128         9.7534
           3559      0.0059545        0.75919         8.9145         9.5218
           3700      0.0019465        0.35595          0.081          9.213
           3770      0.0056469        0.82866         9.2429         9.8112
           3807      0.0016915        0.36678       0.074764         9.2127
           3834      0.0056938        0.67592         8.6885         9.4281
           3921      0.0055786        0.91114         9.7842         10.249
           3936      0.0070727        0.94922         10.572          10.86
           3995      0.0057822        0.95778         10.652         10.963