      trialid       alphadup   learningrate posteriordivweight     validklp       validnll
              5         7.5271     0.00036403        0.19435         7.3001         9.2249
              7         1.5956     0.00038913        0.16917         7.2065         9.2239
             14         2.3023      0.0010495        0.70537         8.8277         9.4919
             42         2.0874     0.00073806        0.54496         8.5711         9.3523
             59         6.4202      0.0019358        0.88177         9.7978         10.085
             78         1.4319     0.00019993       0.023664        0.14614         9.2104
             83         15.971      0.0031258        0.98714         11.935         12.002
             90         9.9395      0.0010714        0.98702         11.101         11.205
            128         3.8948      0.0032653         0.9325         10.296         10.478
            137         1.5148      0.0015583         0.8785         9.6551         9.9945
            140         2.4549      0.0070207        0.94206         11.673         11.756
            141         9.9185      0.0033567        0.40776         8.2712         9.2357
            148         3.6967      0.0022162        0.97561         10.722         10.864
            149        0.96674     0.00071074        0.96264         11.207         11.372
            150           0.86      0.0027605        0.76032         9.0305         9.5683
            168         2.0558      0.0015165        0.98311          10.79         10.922
            172         1.3509      0.0039598        0.96985         11.618          11.72
            176         2.4625     0.00087859        0.99229         11.523         11.606
            193           16.0      0.0014134        0.99642         11.988         12.034
            219         6.1459      0.0011333        0.99383         11.502         11.575
            242         5.2087     0.00093332        0.99634           12.0         12.054
            247         1.1843      0.0023577        0.96349         10.489         10.653
            267           0.86      0.0010286        0.99185         11.461          11.54
            274         1.5922      0.0014868         0.9603         10.403         10.588
            275        0.97882      0.0014847        0.97961         10.653         10.802
            276         1.6614      0.0013911        0.97046         10.568         10.729
            278         3.9905       0.001424        0.93771         10.414         10.614
            288         10.476     0.00079804       0.073416         5.0571         9.2105
            315         1.2537      0.0024342        0.91986         9.8817         10.134
            316         1.5192      0.0019415        0.93649         9.8604         10.121
            344           2.15      0.0016286        0.93165         10.072          10.31
            346         1.6427      0.0018248        0.91488         9.9888          10.24
            360         10.278      0.0015983        0.84963          9.503         9.8897
            376        0.86169      0.0018838         0.9166         9.7866         10.072
            386          3.091      0.0027686        0.75912         9.0268         9.5681
            392         1.2278      0.0034601        0.73643         9.4861         9.7925
            402         2.0364      0.0020118        0.90553         9.7508         10.038
            420         1.4405     0.00038735        0.16273         7.1949         9.2215
            421         1.7559        0.00191        0.87355         9.7335         10.034
            431          2.569      0.0013481        0.81615         9.5914         9.9845
            450         1.7125       0.002037        0.86651         9.7517         10.046
            459           16.0     0.00093421        0.48107         8.2889         9.2842
            470         1.5544      0.0018054        0.84479         9.5574         9.9132
            498          14.79     0.00062289          0.461          8.424         9.2936
            513           0.86      0.0018667        0.93644         9.7987         10.089
            517        0.99767      0.0031496        0.78598         9.4445         9.7769
            567         10.072      0.0023167        0.71796         8.9144         9.5601
            602         4.6795     0.00038255        0.44806         8.3226         9.2846
            622        0.92776      0.0027705        0.77336         9.1588         9.6224
            640         1.3914      0.0059767        0.72982         8.7619         9.4464
            645         12.354      0.0031918        0.70214          8.901         9.5209
            662         1.6034      0.0020297         0.9515         10.104         10.326
            676         2.9126      0.0014154        0.93824          10.41         10.614
            695        0.99908        0.00319        0.77566         9.4206          9.756
            720         3.8725     0.00053383        0.21178         7.4669         9.2262
            724         2.9131     0.00054157        0.20948          7.459         9.2257
            744         10.417     0.00048318        0.23369         7.7433         9.2282
            768          1.475      0.0003839        0.15821         7.1837         9.2204
            792         9.0828      0.0040536        0.95638         11.264         11.381
            804         5.5336      0.0041768        0.84444         10.043         10.273
            815         1.0326     0.00063922        0.61826         8.7331         9.3558
            816         15.995     0.00050821        0.67686         8.7635         9.4548
            881         1.3891     0.00040743        0.15456         7.1799         9.2185
            886         2.7905      0.0041546        0.49525         8.5577         9.2989
            893           0.86     0.00010137       0.023643       0.099168         9.2103
            899         2.4401      0.0011921        0.11445         5.9484         9.2135
            902         6.8137     0.00083958        0.11805         5.9649         9.2183
            921         13.646      0.0017198        0.94461         10.236         10.439
            952         9.7556      0.0043088        0.83758         10.035         10.266
            960          1.902      0.0057614        0.90789          10.91          11.06
           1011           0.86     0.00010033       0.025098        0.10542         9.2103
           1025           16.0      0.0034407        0.91306         10.161         10.359
           1056           0.86      0.0048877        0.84265         10.069          10.28
           1079         15.349       0.003222        0.87657         9.9462         10.165
           1102         11.436      0.0056684        0.94851         11.788         11.887
           1122         4.4433      0.0036005        0.94065         10.625         10.776
           1145         12.357       0.003632        0.83881         9.9771         10.213
           1162           0.86      0.0022031        0.93899         9.9599         10.197
           1178           0.86           0.01        0.95965         11.554         11.696
           1231         9.8806      0.0052374        0.90139         10.678         10.834
           1279         0.8752      0.0040248        0.97123          11.75         11.842
           1297           0.86     0.00077369        0.98147         11.622          11.73
           1304         2.0758      0.0037257        0.72667         9.3522         9.6942
           1317          0.945      0.0040068        0.87903         10.134          10.34
           1361         1.7522      0.0040602        0.87992         10.177         10.379
           1362           0.86     0.00081472        0.98273         11.545         11.664
           1437           0.86      0.0053497        0.84425         10.123         10.333
           1440         4.3513      0.0012621        0.99026         11.159         11.259
           1443         2.1785     0.00082124        0.55265          8.614         9.3536
           1450         1.1701     0.00049573         0.6302         8.7832         9.4757
           1457         13.987      0.0031533        0.97837         11.382         11.476
           1467         2.2009      0.0051392        0.95292         11.722         11.831
           1469         14.835      0.0075696        0.91235         10.899         11.004
           1493         14.703      0.0082468        0.92148         11.331         11.412
           1528          15.54      0.0069437        0.92941         11.405         11.504
           1542         1.3602      0.0064717        0.92296          11.07         11.181
           1546        0.86708      0.0062539        0.93377         11.541         11.652
           1551         2.2018      0.0036983        0.71662         9.2448         9.6309
           1562           0.86      0.0028921        0.33299         8.1448         9.2301
           1569           16.0      0.0074585        0.94276         11.779          11.86
           1594          15.61      0.0040923        0.82917         9.9858         10.226
           1602           16.0      0.0001214       0.023297        0.11708         9.2103
           1609         2.2575     0.00092975        0.70306         9.0627         9.5893
           1613          12.54      0.0039034        0.86745         10.101         10.312
           1620         3.6826      0.0030085        0.73561         9.0944         9.5938