      trialid   learning_rate posterior_div_weight     validklp       validnll
             22      0.0028654        0.99827           12.0         12.597
             35      0.0034992        0.70046         8.4406         9.2909
            111      0.0018295        0.99686         11.873         11.999
            117      0.0047163         0.8049          8.728         9.3654
            120      0.0063448          0.851         8.9605         9.4485
            132      0.0016638        0.65538         8.0735         9.2551
            150      0.0019776        0.69219           8.23         9.2687
            213      0.0017866        0.55782       0.045755         9.2104
            216      0.0026987        0.99476         11.088         11.305
            307      0.0079176        0.57454        0.11855          9.212
            325      0.0047922        0.59134        0.17575         9.2141
            351       0.001848        0.64294         8.0992         9.2638
            421      0.0024537        0.68398          8.293         9.2743
            440     0.00045391        0.53263       0.021044         9.2101
            455      0.0036641        0.57982        0.10166         9.2113
            461      0.0024293        0.67001         8.2584         9.2724
            503     0.00064436        0.53081       0.014049         9.2101
            517      0.0043745        0.57606        0.12463          9.212
            557      0.0038971        0.71706         8.5193         9.3018
            578      0.0021586        0.67728         8.2449         9.2717
            612     0.00057311        0.54995       0.056755         9.2106
            627      0.0040689        0.59233        0.16901          9.213
            698      0.0024166        0.72905         8.3124         9.2745
            702      0.0047044        0.58408        0.17272         9.2133
            764     0.00019542         0.9999         2.1493         9.2428
            781      0.0046254        0.96476          9.185         9.7175
            831     0.00038737        0.54179       0.022183         9.2103
            835      0.0027355        0.73186         8.3449          9.276
            902      0.0025287        0.69361         8.2897         9.2726
            908     0.00061151        0.54116       0.031419         9.2104
            940      0.0062504        0.76664         8.9734         9.4882
            950      0.0055928        0.77362         8.8418         9.4042
            953      0.0051818         0.7657         8.7897         9.3865
            962      0.0053453        0.77623         8.8558         9.4047
            965      0.0049585         0.7727         8.6842          9.341
            966      0.0044781        0.74497         8.6687         9.3398
            967      0.0046119        0.76345         8.6545         9.3338
            969       0.004329        0.76703         8.6341         9.3267
            983      0.0044294        0.75348         8.6135         9.3258
            985      0.0041445        0.74214          8.565         9.3157
            988      0.0049433        0.78802         8.7095         9.3536
            991      0.0046654        0.78649         8.6876         9.3477
            992      0.0041025        0.76025         8.5846         9.3232
            998      0.0041425        0.74456         8.5755         9.3187
           1005      0.0039206        0.76158          8.559         9.3144
           1008       0.003793         0.7736         8.5466         9.3131
           1009      0.0040654        0.77592         8.5908         9.3257
           1020      0.0034821        0.75199         8.4678         9.2996
           1021      0.0032819         0.7411         8.4121         9.2856
           1022     0.00049978        0.51507      0.0055141           9.21
           1032      0.0034446        0.76869         8.4626          9.298
           1036      0.0032336        0.73252         8.3885         9.2816
           1038      0.0036585        0.78461          8.529         9.3127
           1081      0.0085439        0.92202         9.7346         10.015
           1118      0.0047255        0.82613         8.7347         9.3754
           1119      0.0025234        0.74641          8.323         9.2748
           1222      0.0057773        0.82886         8.9204          9.425
           1229      0.0011662        0.99016         10.643         10.996
           1268      0.0010873        0.98533         9.9979          10.54
           1354      0.0050772        0.96256         9.3166         9.7957
           1377      0.0018627        0.98926          10.19         10.616
           1415       0.007247        0.83344         9.1363         9.5608
           1428      0.0019994         0.9874         9.7742          10.27
           1465      0.0043167        0.58558        0.16588         9.2121
           1505      0.0069828        0.93188         9.6044         9.9136
           1523      0.0080865        0.81386          9.109         9.5355
           1545      0.0018697        0.66896         8.1465         9.2645
           1554      0.0010955        0.55922       0.057188         9.2108
           1572       0.003042        0.70653         8.3674         9.2768