      trialid   learning_rate posterior_div_weight     validklp       validnll
              7      0.0016883        0.86195         10.531         10.864
             21      0.0046083        0.38846         8.6028         9.2847
            120      0.0035565        0.90023         10.803         11.067
            144      0.0032364        0.94043         11.518         11.678
            157      0.0016988         0.9344          11.51         11.674
            164     0.00044529       0.046954       0.051311         9.2104
            185      0.0021089        0.95115         11.824         11.953
            186      0.0058298        0.87078         10.312         10.685
            217      0.0034249        0.90092         10.839          11.11
            256      0.0013866        0.88499         10.894         11.152
            260      0.0023201        0.86435         10.435         10.778
            261      0.0032948        0.84635         10.175         10.577
            263         0.0017        0.87335          10.66         10.962
            265      0.0024393        0.88986         10.703         10.994
            268      0.0013716       0.054912       0.080998         9.2106
            272      0.0034905        0.89358         10.712         11.005
            276      0.0028899        0.87784         10.527         10.844
            277      0.0021497        0.87764         10.573         10.886
            278       0.004234        0.86894         10.479         10.798
            279      0.0013974        0.85212         10.369         10.702
            282      0.0087175       0.081395        0.32057         9.2132
            284      0.0018817        0.76981         9.6343         10.197
            287      0.0045921        0.90845         11.028         11.259
            291      0.0020932        0.79765         9.7819         10.276
            293      0.0031132        0.91046         10.914         11.154
            296      0.0045397        0.90613         10.972         11.209
            327      0.0021476        0.87845         10.598         10.908
            330      0.0020317        0.77144          9.582         10.164
            336      0.0029079        0.84205         10.102         10.493
            338       0.003542        0.82204         9.9531         10.423
            382      0.0043202        0.85383         9.8162          10.31
            399      0.0024164        0.90162         10.865         11.119
            436           0.01        0.10583         0.4581         9.2169
            448      0.0099586        0.12585        0.70612         9.2222
            461      0.0023812        0.95646         11.912         12.022
            507        0.00169        0.92069         11.281         11.473
            520     0.00054041       0.039429       0.043572         9.2103
            523      0.0012924       0.056272        0.11411         9.2108
            697      0.0019968       0.028073       0.009292         9.2103
            725      0.0017774        0.26291         7.7448         9.2349
            731      0.0020877        0.95269          11.88         12.008
            744      0.0016022        0.91112         11.195         11.405
            788      0.0015171         0.8405         10.272         10.639
            965      0.0030283        0.94972         11.725         11.862
            989      0.0039339       0.053276       0.018767         9.2103
           1059      0.0050034        0.44869         8.6647         9.2914
           1108      0.0019432        0.92248         11.236         11.432
           1142      0.0043331        0.93889         11.559         11.717
           1154      0.0023614        0.76939         9.5234         10.102
           1215      0.0042082        0.95447         11.923         12.045
           1229      0.0047622        0.53288         8.7295         9.3116
           1238      0.0069872        0.15275         3.0027         9.2308
           1281      0.0018767        0.85942         10.438         10.789
           1329      0.0018787        0.94584         11.743         11.878
           1362       0.004498        0.94327         11.636         11.781
           1392      0.0011237       0.084385        0.06276         9.2106
           1397      0.0059273        0.81181         9.0601         9.6227
           1402       0.001936        0.94747         11.753         11.888
           1403      0.0016388         0.9251         11.404         11.582
           1410      0.0012153       0.084041       0.063416         9.2106
           1417       0.004078        0.90608         10.934         11.183
           1419      0.0035682        0.19371         8.1672          9.238
           1423      0.0047469        0.93102         11.491         11.659
           1424       0.004013        0.95132         11.802         11.933
           1442      0.0011353       0.084523       0.063203         9.2106
           1485      0.0050259        0.47241         8.6728         9.3096
           1492       0.003297        0.94966         11.769         11.914
           1496      0.0036029        0.20221         8.1432         9.2362
           1567     0.00046339         0.0395       0.037593         9.2103
           1573      0.0026594        0.95934           12.0         12.127
           1592      0.0039991       0.049995      0.0065126         9.2102
           1632      0.0044989         0.3389         8.5095         9.2647
           1642      0.0097129        0.21443         1.2482         9.2255
           1654      0.0098407        0.19607         0.4079         9.2142
           1655      0.0033499        0.95452         11.859         11.982
           1659      0.0035044        0.90548         10.919         11.177
           1672      0.0065641        0.64872         9.3069         9.6404
           1676      0.0022694        0.92785         11.274          11.46
           1694      0.0043658        0.94894         11.767         11.897
           1700     0.00098028        0.85461         10.707         10.996
           1710      0.0005356       0.032494       0.031014         9.2103
           1723      0.0018431        0.90743         11.082         11.309
           1793      0.0045601         0.1594         2.3723         9.2302
           1795           0.01        0.36889         1.1145         9.2244
           1803      0.0046756        0.93388         11.461         11.625
           1814      0.0015506        0.95119         11.995         12.115
           1821      0.0064765         0.8803         10.053         10.439
           1849     0.00046582       0.045598       0.051018         9.2103
           1872      0.0098121        0.21357        0.67777         9.2187
           1876      0.0041794        0.46726         8.5678         9.2837
           1877      0.0068916        0.56018         8.8284         9.3602
           1910      0.0022539        0.92201         11.169         11.373
           1911      0.0018202        0.24763         7.7076          9.233
           1935      0.0061603         0.6537          8.921         9.3968
           1941       0.001862        0.94461         11.727         11.864
           1984      0.0096135        0.27257         1.1131          9.224
           1995      0.0044832        0.95593         11.989         12.098
           2000       0.001651        0.85983         10.404         10.724
           2017      0.0036481        0.21219         8.1965         9.2409
           2023      0.0053364        0.85384         9.7488         10.205
           2024      0.0067174        0.87106         9.9058         10.314
           2027      0.0099005        0.14766        0.58677         9.2178
           2031      0.0032974        0.95323         11.849         11.973
           2119      0.0064494        0.90032         10.946         11.183
           2158      0.0012686        0.27674        0.14673         9.2131
           2160      0.0033323        0.92546         11.212          11.42
           2183      0.0027616        0.92222         11.109         11.311
           2186      0.0037638        0.94416         11.681         11.835
           2243     0.00047258       0.027283       0.021811         9.2103
           2260      0.0038779        0.91441         11.053         11.286
           2279      0.0041712        0.89119         10.751         11.024
           2283      0.0035745        0.92306         11.155         11.361
           2296      0.0037263        0.28132         8.3074         9.2482
           2358      0.0065572        0.88187          10.15         10.525
           2386      0.0035152        0.22717         8.2585          9.244
           2389      0.0025265        0.93115         11.327         11.512
           2390      0.0018239        0.82747         10.062          10.47
           2412      0.0031172         0.9361          11.39         11.557
           2417      0.0049722        0.59564         8.7513         9.3402
           2475      0.0044588        0.91533         11.098          11.31
           2476      0.0059573        0.71923         8.9956         9.4292
           2478      0.0052401        0.93083         11.683          11.86
           2484      0.0021611        0.85319         10.255         10.628
           2536      0.0021761        0.75557          9.448         10.068
           2575      0.0050337         0.5266         8.7513         9.3306
           2576      0.0021342        0.93002         11.345         11.524
           2590      0.0050733        0.32924         8.5331         9.2772
           2599      0.0041627        0.38049         8.5181         9.2648
           2650      0.0026235        0.95625         11.895         12.013
           2656      0.0062624        0.57125         8.8437         9.3767
           2681      0.0013362        0.91541         11.407         11.606
           2709      0.0050055        0.91626         11.138         11.327
           2729      0.0024466        0.91648         11.063         11.288
           2792      0.0029627        0.84702         10.169          10.56
           2796      0.0067626        0.87968         10.046         10.438
           2799      0.0018419        0.91758          11.19         11.399
           2820      0.0017659        0.25687         7.7115         9.2334
           2829      0.0027255        0.77776          9.595         10.188
           2862      0.0061323        0.94707         11.947          12.07
           2896      0.0037679        0.21025         8.2327          9.243
           2899      0.0033014        0.88384          10.57         10.878
           2903      0.0015012        0.89244         10.982         11.241
           2925       0.004564        0.30599         8.4844         9.2575
           2944      0.0018381        0.92281         11.307         11.498
           2971      0.0023013        0.76449         9.4957         10.089
           3002      0.0025572         0.9493         11.747         11.887
           3018      0.0047216        0.90448         10.967         11.199
           3020      0.0035217        0.33789         8.3304          9.254
           3027      0.0013102        0.83065         10.284         10.666
           3049      0.0050624        0.87464         10.609          10.96
           3054      0.0014898        0.89351          10.99         11.249
           3122      0.0054845        0.84213         9.3728         9.9009
           3140      0.0036598        0.95036          11.76         11.895