      trialid   learning_rate posterior_div_weight     validklp       validnll
              7      0.0013629      0.0028613        0.15199          9.214
             15      0.0025672        0.66335         9.0324         11.457
             30      0.0011236        0.22986         3.3002         9.2958
             52       0.001554        0.39833         5.6795         9.6209
             75      0.0023158        0.26667         5.8592         9.8267
            111      0.0010445       0.021485        0.10352         9.2126
            118     0.00010012        0.36378       0.017763         9.2103
            139      0.0014762        0.40551         5.3623         9.5321
            150      0.0017054        0.41387         6.6042         9.9427
            166      0.0018277        0.42573         7.1368         10.209
            175      0.0015359         0.4398         5.5967         9.5951
            179      0.0015291        0.49746         5.1246         9.5105
            210      0.0024371        0.10615         4.5099         9.4907
            215      0.0018618        0.50683         7.3418         10.271
            218      0.0025845        0.67237         10.805         12.849
            226      0.0015842        0.48112         5.7385         9.6513
            231      0.0019639        0.61132         7.0066         10.104
            265      0.0018501        0.51798         7.0329         10.143
            267     0.00081129       0.074292        0.57054         9.2225
            269      0.0024691        0.66037          9.842         12.097
            273      0.0019146        0.56499         7.1964         10.217
            274      0.0021361        0.65791         7.6113         10.442
            283      0.0018649        0.60745         6.3859          9.872
            288      0.0017686        0.50787          6.903         10.053
            290      0.0021653        0.53045         8.8422         11.281
            322      0.0019605         0.4664         7.6766         10.555
            329      0.0020395        0.54568         8.0516         10.742
            330      0.0019761        0.58929         7.3871         10.276
            342      0.0022186        0.63261         8.5205         11.087
            363      0.0019652        0.56702         7.3373         10.255
            372      0.0018092        0.54401         6.8299         9.9504
            375      0.0017934        0.45238         7.0093          10.13
            387       0.001864        0.51461         7.0586         10.154
            414        0.00235         0.1167         4.6272         9.5075
            418      0.0014903      0.0040678        0.28888         9.2148
            432      0.0021787        0.61154         8.3279         10.838
            436     0.00011558        0.30593       0.023138         9.2104
            447     0.00010026        0.34582      0.0097706         9.2103
            476      0.0012591       0.039661         1.0711         9.2237
            513      0.0012421        0.08585         2.2564         9.2497
            529       0.001156       0.069424         1.6212         9.2339
            535      0.0012763        0.13792         2.9479         9.2713
            538      0.0024376        0.60945         9.4992         11.674
            556       0.002209        0.52951         8.3899         10.986
            634      0.0012393        0.42867         3.8945         9.3849
            637      0.0029724       0.061904           12.0         14.745
            665      0.0012228       0.091994         1.7954         9.2434
            668      0.0027917        0.72898         11.637         13.568
            685       0.002438        0.47649         11.112         13.174
            689      0.0025799        0.62803         11.511         13.404
            708      0.0013405        0.17498         3.5837         9.2987
            713      0.0025558        0.57697         11.981         13.927
            717      0.0026415        0.63674         11.306         13.347
            722      0.0012361        0.11617         2.5003         9.2565
            741      0.0022761        0.51588          9.697         12.055
            767      0.0024313        0.56254         10.602         12.705
            771      0.0022034        0.49595         9.2586          11.61
            773      0.0023774        0.49144         8.6788         11.215
            776      0.0023336        0.48994         7.2498         10.253
            779      0.0022775        0.55544         9.5931         11.961
            784      0.0024155        0.50995         10.284         12.523
            791      0.0028263         0.5742         9.5944         11.975
            803      0.0027868        0.70617         11.659         13.765
            816      0.0023104        0.48401         8.9713         11.321
            824      0.0023441        0.53559         10.058         12.295
            836      0.0023712        0.54056          10.15         12.408
            841      0.0025891        0.62967         10.932         12.932
            842      0.0030118       0.065188         11.999         14.549
            843       0.002593         0.7292         8.3963         11.015
            871      0.0015138         0.1173         3.7024         9.3321
            889      0.0015394        0.12247         3.8405          9.363
            893      0.0013273        0.33494         4.4484         9.3912
            895      0.0014127        0.10723         2.9127         9.2565
            899     0.00090306       0.056754        0.47885         9.2183
            905      0.0025444        0.51666         8.3595          10.93
            909      0.0024618        0.59011         10.981         13.113
            913      0.0025311        0.54273         7.9587         10.654