      trialid       alpha_dup   learning_rate posterior_div_weight     validklp       validnll
             91         1.3269      0.0089478        0.12217         1.1221         9.2142
            113         13.262      0.0016006        0.75676         9.5615          9.948
            277          3.863      0.0022793        0.55946       0.017995           9.21
            280         12.186      0.0056601        0.53286         8.8352          9.338
            303         11.818      0.0090436        0.29887         6.6319          9.231
            439         3.4516           0.01        0.25217         6.0918         9.2242
            652          7.867      0.0032533        0.68964         9.6376         10.045
            730         7.0314      0.0068873        0.26638         5.5763         9.2241
            731         12.949      0.0052651        0.52427         8.8128         9.3256
            746         15.971      0.0012211        0.83896         11.552         12.203
            813         10.664      0.0020812        0.81604         11.886         12.636
            905         15.322      0.0034346        0.80568         11.641         12.485
            953          5.771      0.0069541        0.25917         5.5111         9.2216
            976         8.9026      0.0041897        0.53461         8.9969         9.3468
           1012         12.576      0.0015399        0.77315         10.299         10.727
           1074           16.0      0.0015341        0.84134         11.982         12.711
           1090         15.084      0.0026193        0.75736         10.138         10.368
           1117         1.9633      0.0019834     0.00099852        0.03041         9.2102
           1127         8.4772     0.00016707        0.61398     1.6704e-05         9.2097
           1214         12.006      0.0036661        0.54685         9.1091         9.3591
           1382         4.3232      0.0092086        0.26867         6.3276          9.226
           1566         1.4957     0.00014381        0.77575       0.008955         9.2098
           1807         6.5964     0.00046053        0.46892    -6.2108e-05         9.2097
           1849         13.902       0.002347        0.81697          11.34         12.021
           1956          6.566      0.0047457        0.49161         8.6877         9.3209
           2042         14.256      0.0032804        0.74142         9.6948         10.068
           2093          11.82      0.0016354        0.82429           12.0         12.766
           2244         6.3392      0.0049663        0.38476         7.7813         9.2595
           2246         10.238      0.0058325        0.43652         8.2047         9.2728
           2309          5.811           0.01        0.37147         7.1039         9.2437
           2544         10.122      0.0066013        0.35131          7.733         9.2484
           2648         7.5518      0.0033717        0.54128      0.0020001         9.2097
           2767         1.5171      0.0099599        0.09565        0.08386         9.2102
           2857         10.193      0.0068248         0.4761         8.3044         9.2849
           2934         1.1796     0.00072634        0.36826       0.015987           9.21
           3105         6.0937       0.002702        0.64762         9.4432         9.7524
           3106          12.19      0.0062837        0.40768         8.6032         9.2876
           3122           16.0      0.0032044        0.65281         9.3675         9.5166
           3271         14.383      0.0018767         0.8123          11.09          11.71
           3283         7.1237      0.0020396        0.76907         10.916         11.393
           3319         6.7256      0.0063751        0.35009         7.6587         9.2456
           3340         13.499      0.0038095        0.57231         9.2863         9.4315
           3352         1.1256           0.01       0.059974        0.37175          9.211
           3357         9.0199      0.0042353        0.54801         9.2077         9.3651
           3524         7.7132      0.0062016        0.33886         7.6051         9.2454
           3533         1.1557           0.01       0.065703        0.38924          9.212
           3542         6.2043      0.0040924        0.46003         8.6485         9.3078
           3565         1.3686           0.01       0.085209        0.20662         9.2107
           3571         5.2967      0.0064821        0.35747         7.7381         9.2562
           3596         3.0574      0.0083222        0.29644          6.724         9.2324
           3633         13.613      0.0037208        0.57743         9.2705         9.4238
           3634         1.1668      0.0087864       0.086382        0.64797         9.2128
           3671          2.284      0.0075256        0.20486          4.774          9.218
           3677         6.0641      0.0026539        0.68293         9.7933          10.16
           3700         7.3943      0.0056061        0.37422         8.0508         9.2661
           3749           1.36           0.01       0.080442       0.091888         9.2105
           3802         10.975      0.0035038         0.5866         9.3188          9.466
           3875         1.9283     0.00029326        0.52535      0.0090225         9.2099
           3879         15.468      0.0056833        0.36596         8.1839         9.2672
           3893         1.3021           0.01        0.12648         1.6748         9.2163
           3928         1.3998      0.0088076         0.1299         1.0394         9.2132