      trialid       alpha_dup   learning_rate posterior_div_weight     validklp       validnll
              7         3.0792      0.0028343        0.66877         9.3402         9.3757
             29         14.523       0.001684         0.8346         9.3228         9.3428
             67           0.86      0.0075909        0.69326         10.134         10.164
             80         13.759      0.0025666        0.04034         4.1944          9.211
             95         1.2826      0.0052092        0.55659         9.4494         9.4767
             97         9.4301      0.0041706        0.14396         6.4489         9.2122
            102         6.9702      0.0031805        0.79329         9.3316         9.3751
            149         1.1049       0.004512        0.76671         10.174         10.204
            158         4.9381      0.0021786        0.92932         10.535         10.637
            190         1.1402      0.0022433        0.93572          11.59         11.736
            191         7.2521      0.0053894        0.15782         7.8427         9.2183
            212         3.5582      0.0022741           0.93         11.024          11.12
            217         2.1981      0.0032989        0.90514         11.022         11.085
            219          2.633      0.0039866        0.91499         11.883         11.977
            223         2.8556      0.0046682        0.84596         10.391          10.49
            224         1.9389      0.0044588        0.87438         10.955         11.021
            227          1.764      0.0045205        0.77575         10.062         10.123
            334         8.4413     0.00072845       0.069106         6.8999         9.2163
            348         5.5783      0.0035499       0.082113          5.989         9.2118
            351         0.9747       0.008999        0.79171         11.665         11.819
            388           16.0      0.0029207        0.24359         8.9348         9.2281
            398        0.92804      0.0085203        0.59911         9.8419          9.882
            402           0.86      0.0055031        0.82173         10.659         10.686
            404         14.403      0.0031212        0.46269         9.1013         9.2392
            421         11.566      0.0016033        0.82808         9.2955         9.3385
            423         11.412      0.0018966        0.95198         10.778         10.983
            428         1.5302      0.0030401         0.8851         10.462         10.515
            430        0.92457      0.0060224        0.66195          9.907         9.9335
            432         1.2007      0.0031063        0.84125         10.227         10.273
            447         14.642      0.0025037        0.43441         9.1429         9.2405
            469         1.6101      0.0087437        0.48719         9.5352         9.5983
            494        0.87978      0.0047043          0.721         10.046         10.077
            536         2.3305      0.0032943        0.07523         6.7845          9.216
            574         14.569      0.0034385        0.18371          8.519         9.2233
            580         3.0935      0.0029514       0.087881         6.5627         9.2141
            589        0.95904      0.0057299        0.26197         9.2838         9.3128
            611         6.4469      0.0034158        0.67562         9.2763         9.3045
            612         1.0214      0.0098802        0.78448         11.924         12.157
            614         1.3447      0.0030521        0.90131         10.972         11.028
            653          1.648      0.0088675        0.54306         9.4982          9.544
            665         9.3567      0.0032505        0.15556          7.465         9.2163
            701         4.0193      0.0026146        0.91616         10.312         10.401
            710         1.5474      0.0063839        0.64318         9.6778         9.7066
            825         15.672      0.0011164        0.10397         8.1799         9.2183
            927         12.629      0.0027434        0.24446         8.8749         9.2246
            953         5.1866      0.0041721        0.15883          7.553         9.2167
           1009          3.219      0.0038004       0.076111         6.4804         9.2137
           1027         1.0883      0.0074611        0.64837         9.7919         9.8242
           1036        0.95317      0.0099117        0.30686         9.4686         9.4779
           1043          2.874     0.00047697       0.018289       0.041146         9.2102
           1048          14.03       0.003152        0.25119         8.8759         9.2273
           1082         1.2172      0.0072442        0.42369         9.4009         9.4216
           1163           15.8      0.0023432        0.48358         9.1759         9.2412
           1215         7.1201        0.00285        0.29824         8.9769         9.2292
           1248         1.8093      0.0048031        0.20908         9.2337         9.2556
           1278         1.3441      0.0040587         0.7976         10.197         10.233
           1293         1.5429      0.0055987        0.85393         11.349         11.442
           1346         1.7432     0.00039357       0.034781       0.035572         9.2102
           1382           0.86     0.00047571       0.054513       0.033668         9.2102
           1403         2.0882      0.0005104       0.021791        0.03089         9.2102
           1441         11.286       0.002461        0.19932         8.7195         9.2243
           1442         13.217      0.0013631        0.96898         11.463         11.694
           1461         3.9942      0.0054452        0.90758         11.456         11.626
           1471         1.6283      0.0042454         0.8808          11.09         11.163
           1488         1.7849      0.0048626        0.86982         11.808         11.891
           1521           14.5      0.0027264        0.41803         9.0907         9.2319
           1528         3.0656     0.00095619        0.10031         8.5907         9.2234
           1545          12.83      0.0023679        0.57355         9.1871         9.2465
           1554          10.28       0.002867        0.31985         9.0583         9.2315
           1573         2.0951     0.00069303       0.044252       0.047831         9.2104
           1596          2.116      0.0021333        0.78808         9.6043         9.6953
           1692         1.0305       0.002706        0.91487         11.398         11.467
           1706         1.1616      0.0027901        0.88576         10.608         10.659
           1710         1.2181       0.002296        0.92186         11.415         11.521
           1722        0.99295      0.0030299        0.87251         10.702         10.741
           1728         1.3212      0.0022066        0.87301          10.32         10.416
           1753         1.5535      0.0031999        0.87162         10.378         10.424
           1754         1.4149      0.0030835        0.83629         10.277         10.323
           1763         1.2431      0.0031481        0.86376         10.521         10.564
           1796         1.2588      0.0028139        0.78705         9.8487         9.8917
           1800         0.9191      0.0030531        0.74389         9.7413         9.7891
           1804         15.922      0.0014638       0.031933         2.5006         9.2106
           1816           0.86      0.0039482        0.60091         9.5802         9.6078
           1827        0.89226      0.0092631        0.76062         11.435         11.591
           1834           0.86      0.0039225        0.86787         11.267         11.297
           1844         1.4019      0.0030129         0.6727         9.5831         9.6233
           1849          4.051      0.0069029        0.86647         10.808         11.007
           1858        0.88661      0.0078356        0.69029         10.234         10.274
           1873         8.0391      0.0025372        0.69343         9.2633         9.2811
           1878         2.7333     0.00031532       0.031565      0.0076415         9.2101
           1899         11.293      0.0011475        0.12629         8.4684         9.2208
           1901         1.0853      0.0034365        0.83744         10.457         10.493
           1929         14.552     0.00041992       0.029405         1.2326         9.2105
           1959         12.381      0.0025601        0.31718         9.0046         9.2313
           2007         1.3634      0.0092581         0.3546         9.4052         9.4463
           2048         8.2133      0.0023596        0.72578         9.2693         9.2873
           2078         9.7234      0.0013393        0.10901         8.2304         9.2196
           2136         1.3406      0.0040431        0.90909           12.0         12.182
           2156          5.941      0.0019509        0.78176         9.3578         9.3952
           2158           0.86     0.00041482       0.059563        0.02732         9.2102
           2192         9.7088     0.00065378        0.95639         10.723         10.979
           2237           0.86      0.0036226         0.7386          9.928         9.9494
           2252         1.5665      0.0037177        0.18796           9.12         9.2397
           2262        0.89958      0.0066149        0.82007         11.346         11.384
           2277         1.0269      0.0041818        0.74506         9.9783         10.008