      trialid   learning_rate posterior_div_weight     validklp       validnll
             63      0.0023441       0.017781       0.023818         9.2104
            156      0.0020911        0.77328      0.0082863         9.2102
            179      0.0096358        0.10412         2.8346         9.9544
            220      0.0097821        0.36979          6.302         13.614
            236      0.0092613        0.11322         2.6491          9.946
            246      0.0053248        0.88806      0.0030042         9.2102
            271      0.0088928        0.13103         6.4536         13.692
            367      0.0093496        0.11923         5.1898          12.24
            368      0.0092981        0.13351         3.0432         10.207
            381      0.0091211         0.1198         2.4154         9.8478
            395      0.0087826        0.10302         1.9886         9.3831
            422      0.0090299        0.15928         7.6141          14.85
            445      0.0095125        0.31094         5.0043         12.109
            495      0.0094924        0.10702         3.4719         10.654
            511      0.0094351        0.12426         8.1456         15.176
            512           0.01        0.32266         5.3613         12.799
            518           0.01         0.5601          8.905         16.009
            602      0.0092862        0.31799         1.4332         9.2189
            619           0.01        0.74304         6.4149         13.688
            643           0.01        0.84127        0.77905         9.2108
            674       0.009889        0.33282         8.5182         15.576
            888           0.01        0.68821         10.071          17.23
            930           0.01        0.71407         9.2749         16.447
            974           0.01        0.83868         3.5684         10.985
           1085           0.01        0.83687         11.017         18.461
           1097           0.01        0.53934         10.991         17.981
           1109           0.01        0.99834         5.3688          12.94
           1111           0.01        0.59064           12.0         19.424
           1128      0.0096983        0.62715         1.6014         9.2467
           1282           0.01        0.72017         4.1338         11.148
           1294           0.01        0.59492         9.7116         17.033
           1329      0.0099971        0.75208         2.8575         10.187
           1403      0.0027833        0.99178       0.013064         9.2102
           1584           0.01        0.55847         5.6883         13.117
           1632           0.01         0.7304         6.7935          14.16
           1693      0.0097611        0.38793         5.2043          12.47
           1707           0.01        0.97159         6.6436         13.801
           1748           0.01        0.99836         9.3025         16.491
           1780           0.01        0.82847         5.2507          12.51
           1789           0.01        0.99793          10.09         17.517
           1804           0.01        0.67713         9.7017          16.91
           1855           0.01        0.54275         2.0439         9.6702
           1894           0.01        0.53988         1.7244         9.3734
           1912      0.0023067          0.034       0.018493         9.2104
           2138      0.0098041        0.49078         5.8433         13.165
           2179      0.0099898        0.99936         8.6588          15.85
           2212       0.002446        0.99051        0.01716         9.2103
           2228      0.0020803         0.8729       0.011001         9.2102
           2273           0.01        0.76684         8.3489         15.409
           2359           0.01        0.80439        0.62043         9.2108
           2383           0.01        0.94356         3.6474         11.087
           2420           0.01        0.72197           6.07         13.261
           2533           0.01        0.67973         11.422         18.568
           2608           0.01        0.75751         4.9147         12.021
           2618           0.01         0.4057         3.5073         10.689
           2738      0.0097123         0.3088         10.034         17.037
           2761           0.01        0.28157         10.434         17.601
           2841           0.01        0.30152         6.9398         14.252
           2852      0.0023557        0.87077       0.013284         9.2102
           2963           0.01        0.98537         6.1888         13.516
           2975           0.01        0.88552          7.906         15.075
           2990           0.01        0.65415         7.5683         14.348
           3013           0.01        0.69935         10.583         17.909
           3037      0.0099455         0.5028          3.144         10.585
           3046           0.01        0.69144         11.847          18.98
           3061       0.002227        0.94162       0.014614         9.2102
           3183      0.0018937      0.0036922       0.022556         9.2104
           3246           0.01        0.99391         3.0799         10.446
           3337           0.01         0.2734         6.4778         13.743
           3381      0.0097826        0.88992        0.99355         9.2151
           3386           0.01        0.68859          1.251         9.2156
           3394           0.01       0.076904        0.89661         9.2131
           3468           0.01         0.4574         11.911         19.132
           3490           0.01        0.84945         2.1235         9.6773
           3496           0.01        0.68959         2.3836         9.7391
           3512           0.01          0.301         11.622         18.946
           3555      0.0024934        0.91515       0.015627         9.2103
           3787           0.01        0.27252        0.38959         9.2105
           3800           0.01       0.071488         4.5574         11.453