      trialid       alpha_dup   learning_rate     validklp       validnll
              7         3.0591      0.0073558         9.4903         9.5244
             11         5.2665      0.0087863         9.8919         9.9877
             28           16.0           0.01         10.553         11.077
             30         2.3536      0.0071625         9.4164          9.433
            133         1.4709      0.0076741         9.3155          9.345
            193         1.9822      0.0065501         9.4375         9.4636
            243         2.8514       0.009976         9.5458         9.6047
            261         2.7762      0.0027341         9.3504         9.3763
            277         4.1973      0.0059889         9.4965         9.5391
            284         2.6097      0.0025656         9.3223         9.3506
            328         3.6367      0.0090621         9.6596         9.7066
            342         2.7405           0.01         9.6428          9.677
            347         2.5859      0.0078362         9.4646         9.4983
            406         3.4603      0.0080373         9.5277         9.5879
            426         2.2409      0.0035109         9.2864         9.3194
            428         3.0829      0.0078871         9.4917         9.5342
            432         2.5923           0.01         9.5535         9.6071
            458           3.06      0.0024988          9.379         9.3967
            499          2.615       0.009172         9.6122         9.6681
            542         1.1733      0.0059317         9.2804         9.3019
            550         2.5726      0.0034872         9.3182         9.3484
            555         3.4367      0.0094811         9.6476         9.6989
            573         6.5929       0.009865         9.7883         9.9392
            646         5.9627      0.0091565         10.089         10.225
            701         1.3071      0.0060993         9.3464         9.3548
            724         1.1368      0.0017548         8.5726         9.2268
            729          1.381      0.0062172         9.3155         9.3372
            735          3.614      0.0094466         9.6024         9.6533
            739         2.6548       0.007173         9.4474         9.4789
            742         1.4605      0.0053155          9.178         9.2589
            759         1.1647      0.0010874         8.8514         9.2305
            823         2.0471      0.0067613         9.3734         9.3925
            835         3.8349      0.0074654         9.5659         9.6191
            836         1.2338      0.0042332          9.168         9.2468
            893          3.646      0.0064828         9.4724         9.5078
            924         1.1407      0.0039157         9.0935          9.237
            963         1.4456      0.0057837         9.1885         9.2617
            996         2.2085      0.0062768         9.4078         9.4316
           1023         3.4825      0.0057155          9.464         9.4966
           1028         1.0438     0.00048916       0.027203         9.2101
           1045         1.2825      0.0012317         9.1705         9.2526
           1048         2.8775      0.0080029         9.5063         9.5497
           1109         4.5371      0.0057705         9.4484         9.4966
           1185         3.4871      0.0087015         9.5821         9.6214
           1201         2.3959      0.0078554          9.447           9.47
           1204         1.7507      0.0071169         9.3746         9.3963
           1245         2.7054      0.0086603         9.5208         9.5657
           1295         2.1697      0.0071901         9.4212         9.4416
           1300          4.899           0.01         9.8641          9.972
           1375         1.8846      0.0039545         9.2489         9.2956
           1380          4.696      0.0098464         9.7578         9.8461
           1428         3.3455           0.01         9.5859         9.6353
           1459         1.1425      0.0011308         8.6776         9.2291
           1476          1.969      0.0072192         9.4292         9.4434
           1485         1.0433     0.00065856         1.2365         9.2101
           1614         4.5181           0.01         9.7857         9.8691
           1731           16.0      0.0099759         10.599         11.132
           1746         5.7526      0.0099523          9.827         9.9452
           1837         3.2453           0.01         9.6887         9.7582
           1875         2.3478      0.0097275          9.541         9.6022
           1876         2.9407      0.0030538         9.3627         9.3891
           1889         4.1105      0.0095678         9.8861         9.9811
           1900         3.0751           0.01         9.5084         9.5571
           1926         3.0789      0.0095164          9.616         9.6759
           1999         1.1818      0.0010644         8.8586         9.2342
           2036         4.7732           0.01         9.6764         9.7565
           2048         1.1249      0.0011234         8.4604          9.224
           2129         1.1765      0.0010501         8.8829          9.235
           2282         5.8215      0.0081001         9.9043         10.016
           2453         5.8409      0.0099888         10.033         10.169
           2467         2.8689      0.0027119         9.3521         9.3783
           2481         1.1531      0.0081147         1.6559         9.2179
           2506         2.7364      0.0083179         9.4666          9.502
           2604         1.4385      0.0067021         9.2434         9.2764
           2633         1.1091      0.0012526         8.3503         9.2231
           2648         2.5768      0.0023991         9.3471         9.3749
           2658         3.0552      0.0030977         9.3539         9.3801
           2659         2.1533      0.0030361          9.296          9.324
           2804         1.2104      0.0029467          8.961         9.2355
           2813         1.5636      0.0052664         9.3256         9.3535
           2827         1.9209      0.0076805         9.3857         9.4048
           2840         4.3123      0.0094237         9.7529         9.8025
           2870         2.3037       0.003168         9.2806         9.3171
           2957         1.0452     0.00050216       0.032803         9.2101
           2990         1.0959       0.001182         7.9366         9.2221
           3076         1.5978      0.0066466         9.3606         9.3861
           3160         2.4199      0.0030396         9.3193         9.3489
           3217         5.3649      0.0022081         9.4834         9.5226
           3218         7.0225      0.0019865         9.5284         9.5967
           3250         2.1883       0.006802         9.3987         9.4135
           3333         1.1179      0.0011214         8.6327         9.2274
           3399         3.1586           0.01           9.56          9.616
           3484         1.3952       0.004902          9.256          9.298
           3528          1.084      0.0011569         7.2495         9.2212
           3614         1.3296      0.0057888         9.2041         9.2631