      trialid       alpha_dup   learning_rate posterior_div_weight     validklp       validnll
             47           16.0     0.00086248        0.54741         6.3032         9.2932
             59         12.596      0.0011503        0.20113       0.098731          9.211
             69         9.0046     0.00080048        0.47529          5.605         9.2844
             81          11.47     0.00061688        0.66507         6.6203         9.5385
            140         13.803       0.001438        0.30568          2.899         9.2296
            156         15.031      0.0048114        0.29676         8.6008         10.497
            174         13.841      0.0002566        0.20659       0.086501         9.2104
            213         8.4097      0.0011299        0.27637           2.25         9.2233
            230         1.6131      0.0021487        0.16434           1.67         9.2182
            248         1.6238     0.00059259        0.22197         1.7949         9.2201
            269          9.472         0.0001        0.22576       0.087931         9.2105
            280         6.0883     0.00046895        0.22523        0.92133         9.2158
            303         9.8431       0.001462        0.61575         6.6829         9.5974
            340         5.8822      0.0055571        0.12437         11.984         12.839
            342         2.4525      0.0054306        0.12525         11.596         12.526
            351         8.3501      0.0014223        0.17622       0.057283         9.2101
            355         6.7614      0.0012508        0.30504         2.8384         9.2294
            369         11.083      0.0011409        0.29109         2.4227         9.2264
            374         13.344      0.0017831        0.66134          7.175         9.7287
            390         11.197      0.0056728         0.1256           12.0         12.941
            392         10.047     0.00017697        0.15093       0.050846           9.21
            405         2.5537      0.0055674        0.10846         11.455         12.455
            420         1.9476      0.0039987        0.19539         7.6069         10.022
            425         9.5147      0.0054509        0.11855         11.308         12.345
            442         7.5752      0.0052508        0.15096         10.203         11.527
            451          3.472      0.0050746        0.11874         8.4581         10.388
            476         2.6171      0.0052608        0.13165         11.689         12.606
            492         7.1603      0.0053329        0.11851         9.9364         11.342
            507         5.2393      0.0041655        0.32415          6.501         9.4629
            510         15.139      0.0010287        0.34567         3.7544          9.238
            517         4.9397      0.0012489        0.21792          1.096         9.2173
            522         5.7706     0.00099117        0.36378         4.4276         9.2503
            533         4.0645       0.005691        0.10131         11.897         12.761
            550         3.3981      0.0049234        0.12168         7.4289         9.9735
            553         4.3607     0.00054025        0.22505         1.0241         9.2173
            559         4.7514      0.0039388        0.32383         7.1729         9.7119
            561         5.7805      0.0030745        0.47885         7.4054         9.8418
            563         4.1604      0.0051853        0.12608         9.3482         10.941
            572         5.8777      0.0015363        0.20461        0.49339         9.2148
            574         6.4073       0.002425        0.16732        0.04948         9.2097
            579         3.5309      0.0057545        0.11549         11.903         12.761
            592         6.9426       0.005275         0.1146         9.4163         10.988
            609         11.005      0.0059071        0.11302         11.913         12.821
            646         3.3978      0.0056245        0.10903         11.512         12.507
            654         10.547      0.0022446        0.22632         1.9617         9.2213
            657          2.851      0.0052131        0.12724         10.605         11.792
            678         9.3785      0.0047566        0.12028        0.15432         9.2123
            679         5.2387      0.0051151        0.12763         8.9777         10.705
            687         3.1588     0.00084068        0.26656         2.3829         9.2238
            699         3.2146      0.0051987       0.096489         8.5547         10.476
            702           16.0      0.0053209       0.091788         8.2726         10.335
            711         9.3709      0.0016971        0.21672         1.0161         9.2162
            733         2.4382     0.00079511        0.27195         2.5479         9.2278
            741         2.9119      0.0042436        0.22748         7.0099         9.6191
            753         3.5353      0.0050653        0.12044         8.1564         10.264
            754         4.8914      0.0046787        0.26186         11.024         12.138
            769         7.4472      0.0053018        0.10596         9.2714         10.887
            788         10.053      0.0039828        0.47083         7.8016           10.1
            789         3.5433      0.0047039         0.1795         8.1128         10.198
