      trialid   learning_rate posterior_div_weight     validklp       validnll
             39      0.0011784        0.78123      0.0035337         9.2101
             86      0.0054246        0.89112         3.2653         9.2606
             97      0.0055134        0.66605        0.74825         9.2159
            101       0.005548        0.79465        0.72299          9.214
            136      0.0053548        0.42654          1.293         9.2206
            143      0.0051682        0.28341         3.8644         9.3087
            145      0.0051863        0.29932         4.2868         9.3356
            146      0.0056485        0.29204         9.2325         10.965
            155      0.0052686        0.20914         2.9521         9.2563
            158      0.0056871        0.32622           10.5         11.754
            159      0.0049651        0.83345         1.7073         9.2272
            166      0.0058397         0.2645         11.775         12.736
            172      0.0048366        0.65869         1.4185          9.222
            192      0.0052677        0.73228          2.085         9.2307
            194      0.0055896        0.54049        0.80696          9.217
            197      0.0055342        0.27107         2.5064         9.2324
            203      0.0057643        0.29304         11.024         12.207
            204      0.0055185        0.27316         7.0025         9.8802
            213       0.005036        0.23391         1.2042         9.2197
            216       0.005733        0.22781         10.049         11.461
            218       0.005333        0.19251         5.3736         9.4511
            228      0.0056489        0.24316         9.2021         10.935
            230      0.0056685        0.25714         9.4012         11.013
            238      0.0052338        0.25472         4.3278         9.3387
            239       0.005541        0.31673         3.7658         9.2731
            250      0.0050889        0.28806         2.7449         9.2527
            370       0.005066        0.24703          1.483         9.2241
            446      0.0032249        0.22317       0.069576          9.212
            480      0.0054117        0.30721         5.6829         9.5266
            492       0.001259        0.55283      0.0036919         9.2102
            553      0.0053953        0.27987         5.7655         9.5399
            561      0.0058833        0.10948           12.0         12.897
            596      0.0052822        0.27994         4.4709          9.357
            604      0.0054913        0.14271         6.2977         9.6505
            626      0.0055314        0.10355         6.6901         9.7746
            632      0.0055054        0.22881         6.9571         9.8248
            675      0.0054173         0.1858         5.5731         9.4767
            688      0.0052185        0.75089         2.7436         9.2486
            691      0.0058255       0.038909         11.342         12.366
            708      0.0054575        0.10324         6.1592         9.6204
            739      0.0057169       0.075533         9.7746         11.259
            742      0.0053177        0.18509         2.9049         9.2531
            757      0.0052844        0.30524         4.8311         9.3899
            766      0.0056437        0.08909         9.1748         10.884
            798       0.005481        0.12298         6.3747         9.6824
            821      0.0056717       0.078546         9.6559         11.159
            822      0.0056949       0.062885         9.3704         10.999
            836       0.005497       0.097968         6.8837         9.8062
            843      0.0053174        0.13908         5.3298         9.4229
            846      0.0055543        0.10054         7.4451         9.9754
            851      0.0054251       0.066823         5.3822          9.474
            858      0.0055465       0.095436         7.1807         9.9113
            901      0.0053944       0.063252         6.0053         9.5597
            907      0.0057449       0.051153         9.8115         11.276
            927       0.005534       0.082887         7.8382         10.143
            965      0.0058126       0.058178         11.172         12.274
            972      0.0054085        0.41877         5.6015         9.5143
           1096      0.0057498       0.039528         10.465         11.722
           1122      0.0014959        0.48753      0.0061682         9.2104
           1179      0.0058779        0.04974         11.885         12.795
           1211      0.0057707       0.046693         10.826         11.973
           1265      0.0052639       0.057714         4.5729         9.3643
           1269      0.0053043       0.047812         4.6665         9.3717
           1290      0.0057371       0.049961         10.758         11.904
           1325      0.0053315        0.49362         2.6767         9.2396
           1343      0.0054831       0.065762          6.803         9.7852
           1367      0.0012575        0.51874       0.004334         9.2102
           1392      0.0055983       0.062043         8.1337         10.299
           1415      0.0056236       0.052334         8.3317          10.42
           1440      0.0054832       0.076276         6.5116         9.7168
           1449       0.005467        0.37519         6.0341         9.5915
           1454       0.005476        0.55182         1.5627         9.2246
           1490      0.0057181        0.04343          9.853         11.314
           1506      0.0053969        0.30143         1.6016         9.2255
           1548      0.0056346       0.056679          7.996         10.269
           1557      0.0011003        0.55202      0.0027775         9.2101
           1569      0.0053235        0.76771         0.9472         9.2188
           1615      0.0053185         0.1329         4.8831         9.4026
           1625      0.0053156       0.051417         4.9603         9.4035
           1676      0.0055977       0.042033         8.6318         10.573
           1682      0.0054595       0.066654         6.8688         9.7913
           1701      0.0053833       0.076304         4.6943          9.387
           1723      0.0031591        0.64137       0.033417         9.2115
           1736      0.0054933        0.32625         7.0291         9.8837
           1747      0.0055261       0.074697         7.3803         9.9503
           1758      0.0053098       0.036417         4.0297         9.3114
           1797      0.0029307        0.07769       0.002603         9.2097
           1829      0.0053553       0.040075         4.7106         9.3896
           1876      0.0053181        0.74079           2.14          9.232
           1907      0.0052939        0.66367        0.86771         9.2175
           1940      0.0056156         0.9999        0.77503         9.2165
           1984      0.0050748        0.38107         1.5654         9.2246
           2010      0.0056274       0.046486         9.1095         10.803
           2011      0.0051603       0.049762         4.2271         9.3231
           2034      0.0052458        0.75775         1.8994         9.2278