      trialid       alpha_dup   learning_rate posterior_div_weight     validklp       validnll
              1         3.7094          0.001        0.47495         5.8127         9.5233
             33         6.0791      0.0011444        0.20278         3.1172         9.2356
             73         13.974      0.0011942        0.78976         8.1077          10.61
            127         15.379     0.00042761       0.029937       0.099504          9.212
            161         2.5794      0.0026153        0.33609          9.085         11.206
            248         7.2443      0.0014323         0.3787         5.6383         9.4795
            261         7.3574       0.001145        0.21022         3.2535           9.24
            297         11.933      0.0014967        0.54901         6.7696         9.8341
            300         5.3526      0.0016447        0.45318         6.5784         9.7609
            361         12.201       0.003641        0.10049         11.536         13.092
            428         9.6437      0.0010091       0.092278        0.92615         9.2162
            452         2.9483      0.0023999        0.33869         7.0698         10.031
            457         9.6313     0.00022917        0.11828        0.44141         9.2156
            469         3.1213      0.0022196        0.39288         7.1542         10.082
            479         2.3832       0.002446        0.46829         10.199         12.185
            483         3.9956      0.0026201        0.35939         8.0595          10.55
            488         5.5063      0.0023127        0.51921         8.1256         10.624
            494          4.205      0.0023263        0.41883         7.6423         10.286
            495         1.2781      0.0036359       0.080368         11.694         13.371
            496         12.877      0.0027625        0.34503         6.4301         9.6746
            507         1.9393      0.0021111        0.46386         9.2302           11.3
            510         4.6958      0.0014078       0.047969        0.28234         9.2133
            516         10.719      0.0020191        0.53704         7.2962         10.144
            517         12.369      0.0027216        0.35362         7.2066         10.091
            531         10.255      0.0027801        0.46711         9.0832         11.078
            536         7.4824      0.0021519        0.57572         8.5281         10.772
            546         11.888      0.0025709        0.49283         7.2978         10.145
            560         3.7409      0.0035999       0.090268         11.193         12.853
            577         3.3807       0.003087        0.31556         10.749         12.409
            584         10.668      0.0013929        0.17672         3.1146         9.2339
            585         8.9367      0.0026163        0.42961         7.5902         10.259
            606         8.8098      0.0036319        0.10188         11.271         12.877
            618          11.12      0.0026749        0.45607         8.3453         10.669
            621         7.6434      0.0034711         0.1053         11.104         12.828
            628          9.546      0.0012148        0.28475         4.0575         9.2752
            649          2.116      0.0036812        0.10043         11.884          13.43
            662         13.904      0.0015226        0.17139         3.3498         9.2407
            677          7.311      0.0030859        0.32291         9.3344         11.304
            688         2.3301      0.0036668       0.085363          9.849         11.747
            691         2.1837      0.0028792        0.31993         11.096         12.788
            699         11.354      0.0034594        0.10329         8.6704         10.949
            700         4.0832      0.0033915        0.13041         11.423          12.98
            703          2.283      0.0032472        0.18134         11.054         12.676
            708         6.7593      0.0029722        0.35875         7.7673         10.313
            712           16.0      0.0011823        0.32725         4.2053         9.2804
            715         13.432     0.00027935        0.12097        0.43064          9.215
            725         1.2896     0.00059546        0.11242        0.13231         9.2133
            732         9.1433       0.003266        0.24128          7.843         10.411
            736           16.0     0.00074507        0.15251         1.6689           9.22
            746         4.7265      0.0023317        0.52643         9.7629         11.743
            769           16.0      0.0035301        0.13654         11.361         12.978
            779         15.641      0.0013276        0.35044         5.0503          9.374
            785         1.3983      0.0030707        0.22241         11.082           12.7
            809         1.9388       0.002773        0.34157           9.57         11.535
            816          5.919      0.0026932         0.5162         9.9664         11.801
            833         15.685      0.0025885        0.57145         8.6234         10.834
            836         8.8536      0.0010985        0.43333         5.1174          9.389
            856         11.071      0.0039965       0.095983         11.919         13.629
            862         3.1802      0.0030894        0.17961         8.7747          11.06
            870         9.7067      0.0013445        0.31692         4.9279         9.3594
            876         2.0983      0.0017633       0.032552       0.084668         9.2109
            883         8.7174      0.0033247        0.33774         10.548         12.195
            894         7.5915      0.0014725        0.19806         3.8781         9.2706
            897         10.441       0.003771       0.094179         11.659         13.305
            909         1.0025       0.003071        0.21458         9.9329         11.776
            938         2.6107      0.0017306       0.024108       0.093919          9.212
            980         5.0326      0.0033436        0.25881         11.355         12.968
            982         11.904      0.0016004       0.093116         1.7256         9.2208
           1006         15.427      0.0013568        0.20347         3.4663         9.2563
           1011         9.4871      0.0031143         0.3851         9.5149         11.503
           1016         12.987     0.00093102        0.50371         5.5913         9.4702
           1018         3.0151      0.0013982        0.24531         4.3118         9.2906
           1068         2.0483      0.0031008        0.27382         10.839         12.535
           1078         5.9303      0.0016222        0.12404         2.7754         9.2333
           1092           16.0      0.0011939        0.44246         5.2977         9.3894
           1094         13.087      0.0015778        0.26926         4.7113         9.3201
           1121         1.3383       0.003474        0.11894         10.897         12.603
           1221         4.2427      0.0019963       0.056866         1.1612          9.217
           1245         12.853      0.0013133        0.42428         5.5745         9.4481
           1250         3.6502      0.0016489       0.027848        0.13052         9.2128
           1297         9.5819      0.0017591       0.030297        0.30793         9.2143
           1324         5.6843      0.0012398        0.31877         4.7148          9.336
           1332         9.6628      0.0016218        0.12566         2.4672         9.2226
           1378         7.2659     0.00085566        0.57634         6.2234         9.6136
           1425         8.0602      0.0017862        0.24934         4.8099         9.3379
           1443         5.1558      0.0016178        0.13899         2.6363         9.2279
           1479         2.7696      0.0032399        0.23422         10.812         12.428
           1493         11.067      0.0034339       0.043423          10.56         12.354
           1596           16.0      0.0010451        0.54894         6.0554         9.5608
           1623          11.51       0.001171        0.63171           7.03         9.8744
           1679         13.779      0.0014212        0.38938         5.4955         9.4365
           1741         7.4944         0.0001       0.023156       0.021554         9.2102
           1858         14.009      0.0014479        0.41502         5.7436         9.4892
           1861         2.5968      0.0015048        0.17983         3.4104         9.2435
           1908         1.5762     0.00012198        0.14804       0.043116         9.2102
           1985          10.53      0.0010489        0.38363         4.6723         9.3122
           2047           16.0     0.00071254        0.79828          7.479         10.188
           2067         15.884       0.003664        0.08261         11.301         12.883
           2122         2.3968       0.003068        0.27726         10.132         11.903
           2133           16.0      0.0017075        0.51742         6.6137         9.8078
           2136           0.86         0.0001        0.21325      0.0062782           9.21
           2165         1.0808      0.0030206        0.30012         11.564         13.216
           2205         12.002      0.0010974        0.28691         3.8221         9.2575
           2255         10.294      0.0034826         0.2394         11.292         12.879
           2262         13.133      0.0011201        0.31201         4.0835         9.2767
           2265           16.0      0.0012877        0.45318         5.7312          9.483
           2337           16.0      0.0024164        0.56865         7.8769         10.431
           2362        0.93885         0.0001        0.18224       0.018001         9.2101
           2449         1.2795      0.0035394        0.28331           12.0         13.696
           2451         6.7121      0.0016207        0.11257         2.1787         9.2218