      trialid       alpha_dup   learning_rate posterior_div_weight     validklp       validnll
              1         3.7094          0.001        0.47495         6.7466         10.008
             14         1.1375      0.0001012        0.22046      0.0019893         9.2103
             16          3.174      0.0022199        0.43246         11.886         14.221
             19         3.4405      0.0011273        0.63453         8.5575         11.214
             55         15.686     0.00076441        0.51647         5.8532         9.5997
             72        0.94034     0.00073516       0.044599       0.061173         9.2139
             96         9.7846      0.0014126        0.49199         6.9939         10.117
            106           0.86     0.00012019        0.29546      0.0063356         9.2103
            145         5.6399     0.00088255        0.38586         5.1389         9.4946
            156         2.1995     0.00015556        0.30783      0.0070573         9.2107
            157         14.121     0.00074213        0.98525           12.0         14.997
            185         2.3113     0.00010342        0.12803      0.0042798         9.2103
            192         6.6994      0.0021585        0.52405         11.283          13.73
            233         10.487      0.0008804        0.15363         2.8522         9.2683
            243         5.7511      0.0016524        0.62536         8.8605         11.404
            245         8.9126      0.0015955        0.42318         6.8181         10.051
            251         15.884      0.0016272        0.45119         7.0991         10.198
            261         2.5302      0.0013725        0.50824         8.2038         10.931
            295         12.831      0.0027445       0.079438         11.313         13.752
            311         8.9344      0.0025825       0.070931          11.95         14.324
            312         9.3375      0.0010465        0.65427         7.5522         10.251
            320         12.901      0.0017816        0.36726         6.5467         10.008
            327         6.5212      0.0012903        0.54499          7.685         10.451
            338         4.4893      0.0014869        0.55373         8.4489         11.083
            345         14.215      0.0010594       0.053687         1.5728         9.2257
            369         3.5737      0.0025456        0.20096         9.9085         12.421
            401         3.3578       0.002403        0.22547         10.747         13.056
            405         10.858      0.0018536        0.54587         7.8415          10.73
            408         13.058      0.0011843       0.085218         2.6505         9.2357
            413         14.077     0.00096732        0.26478         4.3901         9.3567
            416         4.4824      0.0010481        0.72244         8.6723         11.275
            436         1.1301     0.00082387        0.05048        0.40032         9.2184
            448         7.1851      0.0022889        0.21398         7.8834         10.779
            450         4.0138       0.001285        0.65754         9.0549         11.481
            454         1.1586      0.0023136        0.21516         9.0785         11.954
            467         3.7941      0.0021789        0.22769         7.8418         10.777
            471         3.5319      0.0017867        0.52405         9.6055         11.966
            483         10.185      0.0014596       0.043455         2.0344         9.2312
            485         3.7201      0.0020555        0.42804         10.085         12.548
            488        0.87308     0.00014153        0.93112       0.015056         9.2108
            504         1.9929      0.0029227        0.10713         11.987         14.922
            506         8.2255     0.00094172         0.2416          4.118         9.3517
            512         7.8229      0.0021921        0.45773         9.6696         12.188
            565        0.89008     0.00013192        0.97699       0.011804         9.2108
            568         14.448     0.00095863        0.25727         4.3951         9.3837
            574         11.747      0.0019321        0.64728         10.263         12.709
            578         1.5676      0.0017745        0.54192         11.171         13.606
            598         5.4647      0.0021984        0.43723          10.27         12.857
            604         13.537      0.0010762        0.14789         3.4516         9.2793
            621         1.9992      0.0023369        0.25531         11.123         13.442
            631         12.861      0.0010115        0.32415         5.1138         9.4707
            635         5.4356       0.001886        0.61459         10.785         13.353
            667         3.6476       0.001455        0.74687         11.158         13.561
            689         15.148     0.00076555         0.4635         5.5138           9.53
            692         10.399      0.0010336        0.25609          4.545         9.4017
            706         1.2027      0.0027466       0.064655         10.303         12.959
            736         1.7232      0.0018022        0.54574         11.404         13.758
            737         4.0043      0.0019553        0.56034         10.781         13.262
            749         2.6563     0.00092159         0.2292         3.9533         9.3314
            753        0.95551      0.0018213        0.48791         11.279         13.708
            770         9.1884      0.0011247        0.26072         4.9451          9.436
            806         13.947      0.0009496        0.47122         6.2403         9.7403
            832         6.7751      0.0011704        0.11059         3.2027         9.2733
            848         14.802      0.0012898        0.10368         3.5556         9.3125
            853         5.8143     0.00011534        0.16996      0.0079034         9.2107
            883         10.483     0.00085016        0.49847         5.9901         9.6731
            900         13.075      0.0011852        0.15347         3.5179         9.2812
            902         3.5566      0.0020121         0.5534         11.546         13.947
            914         4.3322      0.0026923        0.09342         11.772         14.064
            944         6.4857       0.001144        0.20675         4.4687         9.3878
            950         11.883      0.0013272        0.02399         1.3509         9.2235
           1001         1.4571     0.00046142       0.042734       0.045949         9.2124
           1004           16.0      0.0009551        0.38607         5.4978           9.51
           1007         10.854      0.0012115        0.19223         4.4728         9.3934