      trialid   learningrate posteriordivweight     validklp       validnll
             16      0.0018731        0.56188      0.0067668         9.2099
             37      0.0050818        0.31547         10.283         10.561
             75      0.0051241        0.60105         11.837         12.041
             76      0.0043493        0.58466         8.6729         9.4166
            143      0.0018705        0.30898      0.0091443           9.21
            157      0.0034481        0.47077         1.0397         9.2147
            169      0.0038453         0.5367         4.1631         9.2189
            170      0.0045274        0.54852         8.7106           9.44
            182      0.0048842        0.21725          10.19         10.445
            183       0.005055        0.22549         11.933         12.111
            189      0.0036475        0.75971         1.1556         9.2154
            191      0.0038504         0.5851        0.88275         9.2121
            197      0.0036757        0.90777          1.204         9.2155
            239      0.0033141         0.9999        0.84659          9.211
            240      0.0032824         0.9999         0.9748         9.2124
            252      0.0048909        0.64535         10.183         10.421
            255      0.0046675        0.64525         8.7216          9.441
            271      0.0046083         0.9999         8.7735         9.4424
            275       0.001142        0.63613       0.011189         9.2105
            291      0.0011356        0.12739       0.011496         9.2105
            301      0.0022546         0.9999        0.62623         9.2108
            317      0.0039407         0.9999         4.6144         9.2189
            323      0.0051468        0.10079         11.789         11.985
            350      0.0041162         0.9999          4.684         9.2197
            365      0.0049746        0.91093         10.262         10.487
            380      0.0044028         0.9999         6.7201         9.2567
            386      0.0039205        0.53456          2.709         9.2158
            391      0.0040435         0.9999          6.655         9.2452
            398        0.00497        0.11553         10.223         10.477
            406      0.0051848       0.093321           12.0         13.432
            448      0.0043943        0.15914         8.6456          9.406
            523      0.0049781        0.32774         10.274         10.531
            585      0.0051192        0.41117         11.847          12.05
            626      0.0043654        0.14867         5.8317         9.2287
            629      0.0043985        0.12062         8.7047         9.4274
            636      0.0028266        0.38677        0.61142         9.2107
            645       0.004725        0.39713         10.028         10.314
            686      0.0043715        0.42244         8.6546         9.4106
            739      0.0042724         0.9999         6.6776         9.2459
            744      0.0021484        0.58122      0.0024002         9.2099
            751      0.0041792        0.42071         4.7812         9.2225
            768      0.0027151        0.88241        0.55767         9.2106
            876      0.0027442        0.73424        0.49883         9.2105
            890      0.0050698       0.069948         11.796         11.989