      trialid   learning_rate posterior_div_weight     validklp       validnll
            115      0.0013921         0.3122         9.1689         9.2483
            120      0.0035644        0.58788         9.2946         9.3028
            122     0.00061005        0.59773         4.7396         9.2105
            125     0.00061854       0.029879         0.0503         9.2102
            147      0.0011149        0.17923         8.8806         9.2272
            168      0.0011292        0.16995          8.823         9.2271
            180      0.0054238        0.49533         9.3049         9.3144
            196      0.0019304        0.42857          9.237         9.2655
            203     0.00078741        0.54898         6.2837         9.2155
            206      0.0021838        0.48343           9.24         9.2698
            219     0.00092641        0.59466         6.6618         9.2173
            277      0.0025142        0.53328         9.2833         9.2943
            320      0.0020095         0.5252         9.2862         9.2952
            324      0.0033943        0.57422         9.2937          9.301
            329      0.0022791        0.59704         9.2733         9.2817
            331      0.0013609        0.12519         8.2179         9.2197
            400      0.0025789        0.14814          9.027         9.2331
            490      0.0012266        0.13014         8.5386          9.222
            492     0.00074008        0.54642         5.3726         9.2129
            509        0.00131         0.1208         8.4211          9.221
            514      0.0021499        0.54243          9.286         9.2943
            569      0.0028569        0.57584         9.3005         9.3062
            636      0.0027483        0.58557         9.2933         9.2988
            691     0.00027769        0.63709         2.6877         9.2104
            739      0.0012829        0.12757          8.423         9.2212
            744      0.0042378        0.55923         9.3021         9.3089
            751      0.0019623        0.44339         9.2269          9.263
            828      0.0019992        0.54369         9.2789         9.2906
            829      0.0011786        0.11596         7.9035         9.2192
            841      0.0026558        0.44937         9.2135         9.2597
            899       0.002526        0.57364         9.2883         9.2984
            921      0.0012027        0.10984         7.5303          9.219
            933      0.0022856        0.59791         9.2766         9.2849
            944      0.0012348        0.12224          8.422         9.2211
            960      0.0012947        0.19521         8.8022         9.2248
            971      0.0022567        0.44685         9.2213         9.2605
           1096      0.0018933        0.69518         9.2678         9.2776
           1106      0.0022015        0.61995         9.2714         9.2785
           1214      0.0020547        0.46521         9.2405         9.2698
           1217      0.0021245        0.58963         9.2789         9.2885
           1239      0.0013674        0.34548         9.2273         9.2646
           1273      0.0014066        0.36012         9.2227          9.261
           1282      0.0014874        0.34034         9.1293         9.2436
           1294      0.0022504         0.4985         9.2773         9.2875
           1316      0.0017091        0.50292         9.2609         9.2732
           1319      0.0014482        0.27353         8.9583          9.229
           1339       0.001223        0.25411         9.0962          9.238
           1388      0.0014185         0.3178         9.1311          9.245
           1450      0.0010864         0.3079         9.2122         9.2564
           1536      0.0014876        0.27939         9.0438         9.2362
           1654      0.0029471        0.53413         9.2395         9.2677
           1689      0.0018786        0.43054         9.2284          9.265
           1691     0.00022065       0.098027        0.88381         9.2102
           1711      0.0014034        0.30623         9.1287         9.2401
           1732      0.0013072        0.36605         9.2477         9.2699
           1738      0.0019242        0.38383         9.1714         9.2526
           1781      0.0012378       0.032605       0.025497           9.21
           1835      0.0058232        0.51553         9.3392         9.3423
           1856       0.001626        0.49525          9.249         9.2721
           1866       0.009971       0.013182         11.997          19.65
           1872      0.0018996        0.38649         9.1985         9.2528
           1916       0.004267        0.56275         9.3121          9.315
           1971      0.0014538        0.27211         9.0418         9.2349
           1984      0.0013164        0.23131         8.9242         9.2288
           1994      0.0008262        0.62331         6.1486         9.2154
           2012      0.0014774        0.28896         9.0677         9.2365
           2013     0.00069565        0.62938         4.7768         9.2106
           2043        0.00957         0.9999           12.0         20.318
           2044      0.0015133        0.34768         9.1438         9.2477
           2045      0.0015887        0.19459         8.7321         9.2234
           2129      0.0017551        0.16075         8.5457         9.2222
           2136     0.00050966       0.053112       0.038903         9.2102
           2149      0.0011689        0.28066          9.199          9.255
           2202      0.0012714        0.16171          8.646         9.2234
           2214      0.0017378        0.30827         9.1427         9.2453
           2231     0.00088679        0.61809         5.8738         9.2132
           2242      0.0026977       0.011813       0.035442         9.2101