      trialid   learning_rate posterior_div_weight     validklp       validnll
              3      0.0023922        0.57995        0.24002         9.2133
             23      0.0059422        0.24882          8.704          10.53
             83       0.005591        0.45946         1.6609         9.2232
            108      0.0057456        0.21362         2.2457         9.2269
            131      0.0053863        0.16163         1.4796         9.2219
            133      0.0059841        0.20007         11.076         12.173
            137      0.0058682        0.25311         3.4976         9.2398
            138      0.0060292        0.17003         11.997         12.885
            198      0.0058899        0.13294          11.41         12.409
            205      0.0042152        0.50652       0.029129         9.2103
            214      0.0055118        0.21324         2.9388         9.2358
            215        0.00548        0.18511         4.6384         9.3292
            219      0.0058257        0.30178         5.5472         9.3921
            220      0.0056587        0.24659         2.5626         9.2291
            232      0.0057639        0.17217         8.4699         10.401
            236      0.0059156        0.27275         6.7873         9.6729
            238       0.005884         0.1991         9.8366         11.252
            239      0.0054451        0.20153         4.0245         9.2779
            240      0.0056612        0.28109         3.4278         9.2398
            255      0.0058959        0.23823         8.4345         10.369
            256       0.006107         0.3228         7.1106         9.8239
            257      0.0055208        0.18735         5.1632         9.3676
            266      0.0056516         0.1923         5.8404         9.4817
            269      0.0055997        0.21445         1.6952         9.2241
            277      0.0059732        0.29748         6.8874         9.7198
            279      0.0059088        0.16203         10.168         11.477
            280      0.0061138        0.36973         3.2133         9.2397
            283      0.0059395        0.26746          7.938         10.183
            293      0.0055764        0.19499         5.5972         9.4265
            309       0.005741        0.14938         8.0381         10.217
            320     0.00027119        0.57722        0.02787         9.2103
            322      0.0060816        0.17358         11.774         12.631
            330      0.0056034        0.19025         2.9393          9.237
            339       0.005353        0.27008         2.7109         9.2327
            349      0.0052586        0.30091         1.5038          9.223
            356      0.0053889        0.17506         2.1395         9.2266
            374      0.0042253        0.54431       0.086699         9.2106
            379      0.0059487        0.12318         11.428         12.444
            385     0.00061113        0.52411       0.020534         9.2098
            405      0.0061316        0.12574         11.996         12.866
            410      0.0056622         0.1797          6.521         9.6133
            416      0.0028228        0.57425        0.21492         9.2116
            428     0.00058102        0.63302        0.46887         9.2178
            431     0.00072199        0.55378        0.09187         9.2107
            442      0.0057907         0.1245         9.0595         10.787
            445      0.0059368         0.1377          10.81         11.961
            447      0.0053406        0.53225         0.4455         9.2157
            448      0.0054552        0.16384         2.2659         9.2271
            473      0.0028712        0.64207        0.52748         9.2184
            474     0.00084975        0.58778        0.25352         9.2142
            484      0.0011007        0.55021       0.083705         9.2104
            486      0.0056437        0.14336         6.3507         9.6085
            492      0.0057872        0.10412         9.0532          10.77
            498      0.0049614        0.27965         1.2529         9.2202
            533      0.0016425        0.60232        0.34878         9.2154
            534      0.0061912        0.43034          1.306         9.2208
            543      0.0057004        0.43169         1.1825         9.2196
            558       0.005798        0.27643         6.0387         9.4875
            576      0.0057943       0.091221         10.131         11.454
            578      0.0058332        0.11554         10.057         11.402
            581      0.0057466        0.10653         9.3778         10.952
            586      0.0058868        0.35395         1.8653         9.2245
            594      0.0058165        0.10827          10.68          11.86
            607      0.0062012       0.089876           12.0          12.91
            643      0.0059433        0.10841         11.842         12.781
            651      0.0058452       0.090182          11.07         12.127
            655      0.0057934         0.1177         10.017          11.39
            659      0.0056604       0.095554         7.5856         10.027
            675       0.005377        0.11511           4.77         9.3487
            677      0.0058912       0.070935         11.439         12.475
            678      0.0052909        0.29718         1.3656         9.2217
            724      0.0058962       0.069232         11.556         12.526
            732      0.0057234       0.074848         8.5449         10.495
            739      0.0057388        0.07292         9.4488         11.008
            743      0.0057738       0.079088         10.263         11.561