      trialid       alpha_dup   learning_rate posterior_div_weight     validklp       validnll
            131           4.09         0.0044        0.32708         10.424         11.623
            144        0.91645      0.0049663        0.23169         11.698         12.604
            151         2.4044      0.0046561        0.20162         8.0596         10.249
            191         2.0457     0.00038759        0.62036       0.030406         9.2104
            231         1.3831      0.0039706        0.27183         6.6377         9.6712
            279         1.7703      0.0045245         0.1224         4.9274         9.3756
            293         1.6115      0.0042643        0.17817         5.1895         9.4166
            298         1.0651      0.0043491        0.15069         4.6588         9.3599
            300         4.2515      0.0033812         0.4389         8.2632         10.293
            304         11.171      0.0038648        0.34984         8.0949         10.249
            315         1.6105      0.0036843        0.36851         7.8587         10.119
            336         1.6124      0.0039911        0.33652         8.6257         10.517
            338         4.4791      0.0035166        0.44641        0.82639         9.2188
            339         1.0569      0.0016173        0.62919         6.6287         9.6094
            351          5.964      0.0029233        0.50843          8.306          10.36
            358         5.7763      0.0040489        0.36964         9.4219         10.982
            384         1.8328      0.0036937        0.37283         8.0596         10.204
            392         2.7502      0.0037956        0.41246         9.5138         11.044
            431         2.0471      0.0030572       0.099402        0.05382         9.2116
            432         1.6506      0.0037923        0.41431        0.37755         9.2157
            436         8.1556      0.0040218        0.38167         9.9083         11.286
            439         11.272      0.0051295        0.05255         5.4078         9.4554
            454         1.8973      0.0051478        0.14548         10.235         11.494
            462         1.7114      0.0053194       0.068858         8.7042         10.588
            466         2.8164      0.0055506        0.13204         11.927         12.776
            470         1.6235      0.0052061        0.14685         11.241         12.267
            471         3.4938        0.00361        0.42507         9.0847         10.741
            480         1.9792      0.0051785        0.11807         9.4283         11.033
            482         1.9014      0.0048362        0.06766         4.3484         9.3398
            503         1.5234      0.0055697       0.070507         11.499          12.46
            513         4.8649      0.0045029        0.30053         10.663         11.836
            516         1.3492       0.004353        0.27131         8.6486         10.524
            524         5.0925      0.0053771        0.11406         10.922         12.045
            527        0.96766       0.004533        0.23421         8.2807         10.331
            548         10.391      0.0055166       0.077327         10.955         12.071
            556          1.161      0.0053919       0.046917         7.9046         10.194
            558         3.3627      0.0047491       0.064137         4.1859         9.3265
            567         1.1657      0.0049662       0.077231         5.5583         9.4813
            583         1.9737      0.0039795        0.37786         9.7325         11.213
            587         1.1307       0.004185        0.35798         10.674         11.882
            593         1.1629       0.005563        0.12956         11.962         12.814
            594         1.2591      0.0048698       0.064916         4.6815         9.3633
            596         1.3633      0.0033206         0.4881         9.3168         10.927
            618         8.6341      0.0052583        0.17315         11.624         12.535
            643         1.4127      0.0050009        0.16968         9.9188          11.33
            647         1.7009      0.0052321        0.10423         9.2054         10.889
            648         1.0721      0.0052563        0.10199         9.1869         10.808
            651         4.7711      0.0054802       0.092255         11.506         12.498
            658         1.6935      0.0052644        0.11004         10.283         11.508
            693         1.5125      0.0053534        0.14107         11.953         12.804
            719         1.0769      0.0054693       0.064204          9.861         11.284
            721         6.0477      0.0050445         0.1638          10.11         11.452
            750         2.7295      0.0042608        0.36547         11.293         12.326
            757         8.8644      0.0054093        0.13542         11.829         12.699
            768         1.9929      0.0053546        0.11708         10.981         12.073
            776         2.6265      0.0052797        0.11922         10.456         11.736
            784         1.2012       0.005573       0.056183         10.994         12.089
            836         3.0745      0.0056422       0.060105          11.45         12.443
            848          1.815      0.0054282       0.091612         11.289         12.276
            886         1.5037      0.0050082        0.24838         11.772          12.65
            891         2.5953      0.0039416        0.41709         11.185         12.202
            906         1.2136      0.0056341       0.094777         11.932         12.798
            915         4.0116       0.005211       0.077683         7.8773         10.178
            985         1.1818      0.0058396       0.048959           12.0         12.839
            995         1.1702     0.00093467        0.61901         3.6569         9.2775
           1056          4.982      0.0053652        0.11627         11.387         12.353
           1070         2.2197       0.004358        0.37721         11.626         12.557
           1188         2.7673      0.0053693        0.11896         11.426         12.397
           1221         2.4669      0.0044849        0.34789          11.63         12.575
           1223         7.6931      0.0027066        0.36958      0.0046664         9.2099
           1224         7.3011      0.0048405        0.18652         8.9143         10.666
           1226          1.725      0.0043713        0.32644         10.593         11.809
           1230         2.7768      0.0053352        0.15091         11.856          12.71
           1266         2.3506      0.0047905        0.24079         10.695         11.902
           1272         1.7905      0.0052747        0.09942         9.5966         11.095
           1305         2.0488      0.0054689       0.061483          9.407         10.967
           1338        0.88508       0.005412       0.057832         8.7251         10.647
           1384         2.9576      0.0052389          0.117         9.9512          11.34
           1438         4.8794      0.0055127       0.043665         9.6807         11.179
           1476          2.503      0.0016331         0.4641       0.054373         9.2117
           1512         10.454      0.0052371       0.069374         7.5763         10.019
           1517         2.0154      0.0027565        0.29075        0.33991         9.2154
           1642         1.9954      0.0049461        0.16926         9.2003         10.868
           1644         7.4271      0.0012194        0.49698       0.013613         9.2101
           1671         6.2286      0.0049155        0.23266         11.567         12.529
           1673         2.0149      0.0046572        0.28277         11.148         12.194
           1674         1.9958      0.0026803        0.39843       0.060913         9.2125
           1684         9.8021      0.0060063       0.045045         11.867         12.729
           1702         2.4381      0.0029121        0.16667       0.039504         9.2104
           1719         1.5695      0.0047731        0.23658      0.0054888           9.21
           1723         3.3188      0.0057179       0.055893           12.0         12.872
           1780         4.1472        0.00217        0.42534       0.024028         9.2101
           1803         4.5125      0.0035248        0.25236     0.00094457         9.2099
           1970         11.473      0.0046577        0.28921         11.561         12.504
           1976         1.4919      0.0055149       0.041452         8.7145         10.642
           1986        0.86602      0.0056901       0.023662          11.12         12.184
           2109         1.6984      0.0038368        0.41168          10.35         11.594
           2262         5.3206       0.001185        0.60059         3.8325         9.2898
           2275         11.432      0.0010269         0.5904         2.7606          9.238
           2291         4.3895      0.0046643        0.28398         11.085         12.128
           2300         4.9688      0.0057938       0.052046         11.978         12.821
           2319         2.1159       0.002279        0.40555       0.078874          9.213
           2410         4.3714      0.0047731        0.22969          10.07         11.442
           2414         1.8859      0.0015759        0.55028       0.064986         9.2125
           2416         3.5787     0.00090919         0.5742         2.4889         9.2284
           2474         3.0263      0.0041877        0.40676         11.462         12.454
           2498         2.8405     0.00087014        0.62532         3.2224         9.2467
           2525         14.941      0.0051341        0.12175         8.9924         10.709
           2543         8.6512      0.0039843        0.15931         3.6712         9.2896
           2596         2.0672      0.0029775         0.3327         3.2414         9.2759
           2688         1.0953      0.0047897        0.23178          10.79          11.91
           2731         10.368      0.0041196        0.37559        0.15733         9.2138
           2777         1.7511      0.0054168       0.079351         10.439         11.673
           2825         13.448       0.001588        0.49784       0.049061         9.2107
           2859           16.0      0.0050044        0.19025         10.811         11.925
           2870         1.1349      0.0045325        0.21937          8.053         10.196
           2877         10.202      0.0053365       0.065856         8.6728         10.549
           2988         1.9191      0.0041304        0.37208         10.694         11.882
           3057         7.9734      0.0048374        0.29595          11.89         12.738
           3066         1.2475      0.0015105        0.65956         7.5561          9.796
           3104         1.5606      0.0027618        0.27829        0.23093         9.2153
           3136          1.351      0.0025938        0.40403      0.0058481         9.2101
           3242          9.205      0.0052979        0.11401         10.541         11.739
           3264         1.1909      0.0013383        0.54049       0.027205         9.2104
           3338         3.9212      0.0017614        0.67104         7.8275         10.081
           3351         6.0887      0.0048856        0.15907         8.5298         10.459
           3390         3.6705      0.0047815        0.21192         9.7533         11.234
           3414         3.0933      0.0051948       0.087618         8.1142         10.293
           3587         1.9371      0.0045859         0.2314         8.5179         10.416
           3627         7.2557      0.0021417        0.40633       0.069675         9.2127
           3635         1.9114      0.0049151        0.22212         10.893         11.999
           3649         6.4218      0.0051406       0.061102         6.2276         9.5769
           3654          11.08      0.0041423        0.25212         6.8855         9.7554
           3674         5.3655      0.0041716        0.24328          6.789         9.6918
           3700          2.927      0.0039075        0.43157          1.725         9.2207
           3740         1.3548      0.0030693        0.16845        0.51671         9.2174
           3744         4.8676      0.0035743        0.47221         10.068         11.396
           3773         1.4308      0.0054888        0.05416         9.2036         10.886
           3787         2.0684      0.0045683        0.27345         10.139         11.468
           3792          3.299      0.0046845        0.28187         11.358         12.345
           3817            9.2      0.0051249        0.19156         11.814         12.687
           3844         2.1032      0.0048446        0.25175         11.776         12.681
           3893           3.49       0.005514       0.060178         10.578         11.766
           3911          3.682      0.0047068        0.24297         10.449         11.705
           3929          1.685      0.0032474       0.022788        0.12677         9.2136
           3964         2.9693      0.0043216        0.37587         11.699         12.608
           3989         5.2063      0.0049986        0.19296         10.435         11.667
           3990         5.7238       0.005831       0.059408          11.84         12.707