      trialid   learning_rate posterior_div_weight     validklp       validnll
             41           0.01        0.97212         6.8008         13.915
            705      0.0083422        0.78001         7.8578         14.412
           1150      0.0046643        0.96007         3.1945         9.4308
           1493      0.0090172         0.9999         10.025         15.733
           1730           0.01        0.99983         11.976         19.071
           1733      0.0037924        0.99552          10.59         19.061
           1810           0.01        0.84557         6.3051         12.332
           1914           0.01        0.95576         5.2743         10.784
           2129      0.0055412        0.99077         6.0381         12.044
           2143      0.0047917        0.98814         7.6578         14.264
           2162      0.0092422        0.92225         3.6769         9.7445
           2192           0.01        0.98367           12.0         19.187
           2232      0.0029729        0.99189         8.3325         14.888
           2250      0.0056047        0.99749         4.1978         10.161
           2251     0.00040015      -0.049832            0.0         9.2103