      trialid       alphadup   learningrate posteriordivweight     validklp       validnll
              6         1.3019      0.0013622        0.50815         9.4863         9.7441
             20         2.3295      0.0013607        0.68891         10.094         10.286
             21         2.4487      0.0022738        0.48447         9.4904         9.7995
             30         8.7755      0.0011228        0.69591         9.8545         10.117
             32         6.8488      0.0021324        0.53198         9.6594         9.9002
             55         14.802      0.0019662        0.67583         11.243         11.436
             74         15.805      0.0012743        0.36492         9.0401         9.4189
             93         10.456      0.0017021        0.16554         8.1868         9.2742
            105         3.7625     0.00068755        0.30639      0.0019411         9.2098
            124         2.8898      0.0014466        0.45093         9.1427         9.6406
            135         1.9479      0.0041452        0.26599         11.356         11.546
            147         10.077     0.00051106        0.48271       0.013566         9.2101
            182         3.0527      0.0017711         0.0953         4.9592         9.2196
            187         2.3617     0.00054734        0.36952      0.0029493           9.21
            194          3.058      0.0012987        0.32361         8.9502         9.3487
            216         2.0506      0.0023238       0.074356         4.0092         9.2128
            233         0.9283       0.001701        0.69135         10.596         10.757
            239        0.87607      0.0026727        0.48368         9.2153         9.6665
            245         15.737      0.0017759        0.64642         10.112         10.309
            247         5.6298      0.0025248        0.50039         9.5484         9.8679
            281         1.1866      0.0037622         0.2157         9.8111         10.097
            301         15.416      0.0026407        0.58499         9.8974         10.188
            304           0.86      0.0021136        0.61145         10.116         10.311
            305        0.86706      0.0024419        0.61826         10.332         10.648
            314        0.88212      0.0019762        0.68771         11.238         11.431
            316         3.8835      0.0029881         0.3246         9.4983         9.8554
            318         4.3364      0.0029084        0.43752         9.1303         9.6024
            320           16.0        0.00473        0.11098         11.591         11.808
            325          2.469      0.0032595          0.401          9.522         9.8611
            326           0.86       0.003531        0.35142         9.7956         10.057
            349         9.8197     0.00085055        0.26369      0.0026944         9.2099
            356         15.935      0.0048657       0.092141         11.707         11.906
            357         12.153      0.0048515       0.072794         11.831         12.025
            371         14.176      0.0048127       0.099308         11.586         11.796
            378         12.141      0.0044709        0.12042         10.024         10.284
            382         8.4395      0.0041709        0.15315         9.8889         10.168
            406         13.237      0.0044871        0.12409         9.9949         10.259
            409           0.86         0.0001        0.74084       0.015338         9.2104
            418         15.884      0.0034772        0.10114         6.5206         9.2399
            419        0.94713      0.0016546       0.069555      0.0048915         9.2101
            420           16.0      0.0049347       0.070535         11.777         11.982
            436         4.0475      0.0036274        0.46381         11.845          12.16
            443         15.634      0.0048437        0.07751         11.789         11.987
            446           6.48      0.0036759        0.38364         10.828         11.059
            462          3.495      0.0049382       0.081752         11.831         12.022
            468           0.86      0.0014153        0.16023         6.9863         9.2406
            470         2.2051      0.0047455        0.09449         11.656         11.855
            498         15.517      0.0015594        0.13388         7.5639         9.2541
            508          15.97      0.0014212         0.3495         8.7013         9.3463
            513         11.837      0.0047922        0.08534         11.726          11.91
            515         2.0875      0.0021265        0.17411         8.1631         9.2696
            530         2.7585      0.0033369       0.025695         1.3867         9.2124
            545         2.3176       0.004054        0.28431         11.089         11.306
            551           0.86      0.0049367       0.080277         11.685         11.896
            554         11.848       0.004865       0.084714         11.621         11.837
            557         1.4374     0.00094297        0.74657         11.064           11.2
            578         10.402      0.0045974        0.16213         11.652         11.853
            583         2.1555      0.0022133        0.15997           8.35         9.2915
            607         15.333      0.0039021        0.38213           12.0         12.323
            609          1.379      0.0034324        0.43795         10.627         10.899
            614           16.0      0.0014505          0.112         5.6469         9.2219
            631         11.376       0.003434       0.048633         4.3549         9.2164
            636         8.1527      0.0034168        0.43624         10.212         10.527
            637         8.5358      0.0043415       0.087534         9.9012         10.193
            641         1.8027       0.001896        0.17034         7.8844         9.2546
            644           0.86         0.0001        0.74759       0.018034         9.2105
            650          1.571      0.0029789       0.087047         6.4591         9.2353
            659         3.0778      0.0012792        0.76933         11.497         11.613
            679         15.555      0.0018189        0.17096         8.0393         9.2588
            696           0.86         0.0001        0.75477       0.021361         9.2105
            723         3.0009      0.0034284        0.39886         9.6752         10.053
            726         4.7991      0.0036753        0.37735          10.94         11.148
            757         1.4475      0.0036133        0.39935         9.9165         10.225
            767         3.7924      0.0025284        0.15481         8.3966         9.3028
            772        0.87826      0.0016992        0.27236         8.6554         9.3188
            789         3.0163      0.0044268        0.21426         11.383         11.591
            793         4.8814      0.0036132        0.40097         10.718         10.965
            795           16.0      0.0034831          0.406         10.414         10.699
            797         10.026      0.0021235        0.10709         6.3144          9.232
            808         2.0104      0.0013254        0.71537         10.198         10.386
            815         5.7724      0.0035704        0.39706         10.655         10.905
            821         1.1819       0.004791       0.098373         11.711         11.908
            834         10.517      0.0015943        0.40805          9.068         9.4725
            868          15.01      0.0022451       0.082032         4.2223         9.2138
            881         5.5589      0.0040003        0.38058         11.955         12.237
            894         5.8986         0.0001        0.75196       0.020399         9.2105
            901         15.729       0.003909        0.38636         11.886          12.19