      trialid       alpha_dup   learning_rate posterior_div_weight     validklp       validnll
             40         2.7731     0.00040004      -0.049752            0.0         9.2103
             52         2.0058      0.0010263         0.9999         8.3497         9.3366
             62         8.3646      0.0025643         0.9999         9.9076         9.9948
            124          5.746       0.005253        0.97619          10.75         10.918
            206         2.2846      0.0046563         0.9999         9.9636         10.039
            221         9.9423      0.0015849        0.82938         11.989         12.428
            323        0.92393      0.0047303        0.99911         9.4672         9.4912
            452         3.0661      0.0036003         0.9999         9.5154         9.5459
            473         6.5815     0.00017342        0.99852         6.9915         9.3024
            480         1.6763      0.0031048         0.9999         9.4166         9.4473
            481         12.684      0.0039532        0.99985         10.978         11.242
            490         10.301      0.0079635         0.9919           12.0         12.561
            538         5.4556     0.00027589         0.9999         6.8478          9.302
            540         2.4695     0.00048377         0.9999         6.0589         9.2914
            665         14.088      0.0024324        0.99887         10.472         10.685
            669          2.258      0.0017229         0.9999         9.2733         9.3878
            679           0.86      0.0035186         0.9999         9.4329         9.4489
            683          5.296      0.0045646        0.98693         10.323         10.425
            686         6.2206      0.0017403         0.9999         9.4935         9.5376
            710         3.1522      0.0038078        0.99788         9.5404         9.5738
            718         1.5179     0.00055979         0.9999         5.0709         9.2653
            723         1.2887      0.0011502        0.99867         7.9402         9.3332
            738         3.0439      0.0029161         0.9999         9.4438         9.4713
            772         1.2018      0.0052346         0.9999         9.6847         9.7361
            834         6.7561       0.003919         0.9999         10.637         10.747
            865         9.2025      0.0015797        0.82657         11.618         12.107
            902          4.301      0.0070097         0.9999         10.647         10.844
            939         12.549      0.0028902         0.9999         10.537         10.697
            956         1.3971      0.0050164        0.99765         9.5908         9.6406
           1029         1.6382      0.0020529        0.94717         9.2829         9.4198
           1060         2.3901      0.0035187         0.9999          9.457         9.4739
           1063         8.2749      0.0016373         0.9999         9.6048         9.6578
           1072         4.4536      0.0031082         0.9999         9.6506          9.674
           1076          8.181      0.0051846         0.9894         10.953         11.187
           1079         3.0274      0.0011173         0.9999         8.8417         9.3611
           1133         9.9861     0.00010043         0.9999          6.759         9.2983
           1180          1.109     0.00097566         0.9999         7.2844         9.3057
           1196        0.95552      0.0027817         0.9999         9.3867         9.4343
           1216         1.7716     0.00055239         0.9999         5.8151         9.2736
           1273         1.6546      0.0059184        0.99709         9.6633         9.7337
           1285         1.6754      0.0051368         0.9999         9.8756         9.9393
           1333         2.8373     0.00064991        0.95629         7.2921         9.3146
           1342         4.2881       0.001028        0.98646         7.6422         9.3286
           1363          4.307     0.00028717         0.9999         6.0107         9.2853
           1364         3.8051     0.00014353         0.9999         5.4394         9.2665
           1438         1.0046      0.0031426         0.9999         9.4058         9.4409
           1471         1.1678      0.0025427         0.9999         9.3852         9.4209
           1484         4.6113      0.0053437        0.93175          10.06         10.278
           1513         4.5862      0.0089664         0.9999         11.134         11.653
           1517         12.856      0.0049963         0.9999         11.326         11.685
           1614         11.399      0.0016306        0.86199         11.115         11.529
           1634         2.8211      0.0029924         0.9999         9.4861          9.503
           1637         1.0311      0.0040731         0.9999         9.4343         9.4613
           1720         1.2269      0.0012575         0.9999         9.0362         9.3645
           1744         7.3429      0.0019655         0.9999         9.6151         9.6722
           1761         6.7951      0.0040698         0.9999         10.397         10.501
           1801         1.6964      0.0009392        0.95834         7.8129         9.3299
           1841         2.9399     0.00013916        0.95748         1.3555         9.2617
           1845         1.2857      0.0022572        0.98864         9.2819         9.4136
           1918         12.717      0.0014365        0.85839         11.738          12.28
           1938         15.889      0.0055073        0.99183         11.736         12.207
           1962         8.2627      0.0023557         0.9999         9.8561         9.9173
           2076         4.2031     0.00078746         0.9999         8.6607         9.3583
           2108         1.5612      0.0046119        0.99512         9.7163         9.7604
           2125         3.9831       0.009922        0.99816         11.484          12.05
           2136           16.0      0.0048792        0.99868         11.698         12.148
           2156         13.862       0.001934         0.9999         10.182          10.35
           2184           0.86      0.0028418        0.98737         9.4013          9.439
           2202        0.99243      0.0052017         0.9999         9.4712         9.4984
           2234          3.254      0.0012274        0.97959         8.5509         9.3552
           2278         3.4765       0.006028        0.99266         10.471         10.614