      trialid   learning_rate posterior_div_weight     validklp       validnll
              3      0.0016412        0.30554         1.8676         9.2379
             82       0.001495         0.1049        0.10422         9.2111
             90      0.0022044        0.18544         4.0309         9.3005
             96      0.0035355        0.57004         10.595         12.208
             98      0.0039105         0.6046          11.73         13.261
            108      0.0020547        0.43135         4.6893         9.3361
            140      0.0014239        0.12724        0.32434         9.2154
            141      0.0016781        0.13244        0.83914         9.2197
            142      0.0015269        0.10632        0.26801         9.2144
            147      0.0027111       0.095502         1.5147         9.2208
            152      0.0016429        0.20305         1.6049         9.2347
            159      0.0025587        0.64093         5.9176         9.5102
            162      0.0020226        0.41874          4.412         9.3189
            167      0.0025618        0.43431         5.8126         9.5013
            170       0.001976        0.33616          3.938         9.2897
            172       0.002437        0.62703         5.3883          9.425
            177      0.0039032       0.098755           12.0         13.638
            178      0.0021057         0.3928         4.8876         9.3425
            190      0.0021766        0.23392         4.2826         9.3129
            211       0.002559        0.33628         5.4651         9.4714
            213      0.0036416          0.125         11.177         12.756
            216      0.0025792        0.49416         6.4128         9.6545
            229      0.0019828        0.30726         3.9018          9.277
            231      0.0030524        0.69733         7.0303         9.8108
            240      0.0038149        0.10011         11.562          13.17
            241      0.0022649        0.51889         5.2985         9.3919
            253      0.0029133        0.52545         7.4342          10.03
            255      0.0032974        0.64304         8.5601         10.658
            274        0.00288        0.63639         7.1024         9.8431
            276       0.002868        0.60838         7.2241         9.8702
            294      0.0039089        0.11199         11.919         13.553
            300      0.0036583        0.11861         11.105         12.746
            301      0.0038834       0.088366         11.872         13.386
            316      0.0037968       0.075374         11.494         13.068
            342      0.0030295        0.63321         7.7198         10.062
            346      0.0028864        0.66386          6.947         9.7844
            357      0.0030313        0.67471         7.2535         9.8766
            363     0.00090384        0.16653        0.41428         9.2158
            369      0.0022734        0.52466         5.3055         9.4223
            421      0.0039789        0.77703         9.2218          11.13
            443      0.0025693        0.60458         6.2716         9.5589
            444      0.0033849        0.71687          8.013         10.307
            449      0.0036035        0.74419         8.3365         10.453
            459      0.0036986       0.049601         10.735          12.46
            477      0.0041071        0.73747          10.27         11.773
            487      0.0041525        0.77574         10.472         12.031
            513      0.0039606        0.76626         9.3589          11.26
            525      0.0040565        0.77973         9.2866         11.188
            534      0.0033673        0.72379         7.7286           10.1
            537       0.003359         0.7322         7.7294         10.103
            557      0.0031049        0.69713         7.3108         9.9139
            559      0.0028643        0.65808         6.8815         9.7402
            597      0.0041002        0.77889         9.8343         11.607
            598      0.0024732        0.56801         5.9791         9.5252
            603      0.0038995        0.75882         9.3518          11.24
            622      0.0037201        0.75434         8.8152         10.676
            659      0.0036825        0.78348         7.7646         10.118
            691      0.0035216        0.73339         8.3065         10.424
            692       0.003445        0.75954          7.429         10.011
            704      0.0034569        0.75305         7.6211         10.041
            751       0.003435        0.76714         7.3983         9.9424
            757      0.0036019        0.76918         7.9922         10.231
            800      0.0038401        0.75623         9.1606         11.062
            825      0.0038161        0.75824         9.0932         10.904
            837      0.0038217        0.78698         8.2182          10.39
            839      0.0031903        0.72751         7.1706         9.8622
            953      0.0033205        0.72943         7.7189         10.051
            959      0.0038363       0.059927         11.764         13.287
           1008      0.0042109        0.76131         11.414         12.889
           1012      0.0026719        0.55834         6.5505         9.6859
           1023      0.0023461        0.47653         5.7224         9.4742
           1046      0.0035686       0.076287         10.714         12.401
           1048      0.0034926        0.75381         7.8577         10.128
           1071      0.0036307        0.75536         8.2198         10.411
           1095     0.00048396        0.12312       0.069228          9.211
           1137      0.0035369        0.73409         8.4152         10.521
           1256      0.0037668        0.77414         8.2427         10.418
           1286      0.0020023       0.048178       0.061712         9.2106
           1300      0.0035503        0.75009         8.2037         10.313
           1320      0.0035127        0.74901         7.8984         10.222
           1326       0.003757        0.76049         8.4708         10.563
           1336       0.001459        0.06399       0.021351         9.2099
           1439        0.00146       0.083858       0.046813         9.2101
           1580      0.0042532        0.78158         10.845         12.464
           1588      0.0029171         0.6797         6.6705         9.7101
           1642      0.0018309       0.066028        0.14314         9.2119
           1650       0.003983        0.77887         9.1272          11.06
           1770      0.0035578       0.059561         10.865         12.588
           1784       0.003721        0.74545         8.8899         10.802
           1840     0.00051826        0.12378       0.057197         9.2105
           1841      0.0015291        0.25527         1.5176         9.2307
           1843      0.0014207        0.33865          1.737         9.2348
           1884      0.0041959         0.7756         10.668         12.284
           1888      0.0017891        0.22292         2.3251         9.2433
           1897      0.0035789         0.3701         11.176         12.749
           1910      0.0014262        0.43746         2.3647         9.2512
           1948      0.0040294        0.77756          9.649         11.428
           1988      0.0017377       0.041831        0.11168         9.2115
           2005      0.0020613       0.069996        0.51976          9.216
           2006      0.0014995        0.44305         2.5077         9.2525
           2087      0.0036861        0.06152         11.645         13.239
           2090      0.0037604        0.76673         8.5039         10.564
           2131      0.0012969        0.11789        0.24918         9.2128
           2160      0.0019471       0.084053        0.58452         9.2169