      trialid       alpha_dup   learning_rate posterior_div_weight     validklp       validnll
             14         12.405      0.0074071        0.85791         2.2485         3.3129
             48         7.7335      0.0066496        0.47485        0.93025           2.35
             53          5.385      0.0058534        0.29233        0.58274         2.2168
             58         4.1331       0.004414        0.75225         1.8685         2.8546
             65        0.87934     0.00047799         0.9993         3.5055         9.1601
             66           0.86     0.00016634         0.9999           12.0         16.457
             86         14.579      0.0051494        0.27013        0.60812         2.2288
             89          2.669      0.0048421        0.82239         1.9717         2.9777
             91         5.3068       0.005381        0.46394        0.95405          2.364
             95         6.2304      0.0019584        0.78845         2.1292         3.2778
             97         1.2033      0.0051457        0.17056        0.18201         2.1037
             99          10.28      0.0020051        0.82801         2.3275           3.45
            108         3.4729       0.005978        0.23562        0.40577         2.1546
            118         5.1276       0.005023        0.25313        0.51799         2.2035
            122         3.6292      0.0058083        0.41429        0.77662         2.3004
            123         5.7375      0.0053969        0.31543        0.64655         2.2488
            126         1.5405     0.00020506         0.9999         10.737         15.044
            136         5.1837      0.0043893        0.64576          1.469         2.6147
            137         12.091      0.0041943        0.87625         2.3268          3.433
            144         2.9957      0.0019165        0.92469         2.6586         3.8474
            146         4.3256        0.00161        0.91167         2.6075         3.8095
            147         5.7296      0.0019524        0.86012            2.4         3.5528
            148         5.5397      0.0043386        0.56861         1.2786         2.5133
            149         6.2731      0.0061151        0.42784        0.83695           2.31
            151         6.8127      0.0057961        0.48006        0.92367         2.3428
            154         1.7216     0.00070155         0.9932         2.7921         5.3289
            155         13.676      0.0058769        0.80491         2.0887         2.9834
            159          4.682      0.0051844        0.43357        0.89078         2.3329
            160        0.90253     0.00046135         0.9999         9.7526         13.744
            161           0.86     0.00033311         0.9999         9.9526         14.047
            163        0.91215     0.00041001        0.99946         7.4857         11.452
            171         2.4459      0.0067074        0.14999        0.18187          2.097
            173           0.86      0.0003946         0.9999         9.7521         13.682
            175           0.86     0.00041409         0.9999         10.126         14.061
            178         6.4482      0.0047638        0.49237         1.0982         2.4255
            180         1.0746      0.0004208        0.99816         3.2279         7.7081
            181         1.0259     0.00038668         0.9999         10.285         14.283
            184           2.58      0.0058281        0.18492        0.29971         2.1299
            185         1.4845      0.0001919         0.9999         10.704         14.985
            189         4.3421      0.0047912        0.68212         1.6322         2.7016
            194         10.386      0.0045086        0.51881          1.192          2.474
            206           0.86     0.00045804         0.9999         10.138         14.097
            210         9.0256      0.0060106         0.5811         1.2307         2.4891
            222        0.90481      0.0004701         0.9999         9.8968         13.774
            228        0.94834     0.00044092         0.9999         9.4784         13.254
            231           0.86     0.00037736         0.9999         10.257         14.232
            236           0.86     0.00038074         0.9999         10.606         14.625
            241         6.9924      0.0042536        0.57193         1.3092         2.5373
            244           0.86     0.00040348         0.9999         10.462         14.356
            245        0.87769     0.00034979         0.9999         10.544         14.617
            251           0.86     0.00029253         0.9999         11.018         15.163
            258         6.4587      0.0058949        0.47588        0.95856         2.3665
            262         2.3193      0.0061525        0.15761        0.23184         2.1052
            263         5.8172      0.0076658        0.27059        0.43076         2.2025
            264         1.5975      0.0063736        0.22517        0.27673         2.1272
            268           0.86     0.00043701         0.9999         9.6551         13.511
            272         9.7434      0.0045885        0.53079         1.2129         2.4793
            273        0.86378     0.00075696         0.9999         8.6673         12.022
            276           0.86     0.00071269         0.9999         9.0239         12.088
            279         8.5198      0.0046398        0.46447         1.0286         2.3952
            289         8.4952      0.0046152        0.51152         1.1391           2.44
            290         8.7678      0.0054367        0.65195         1.4671         2.6041
            291         4.9219      0.0051267        0.58371         1.2627         2.5057
            295         10.474      0.0058494         0.7375         1.7203         2.7477
            296         6.8224      0.0044166        0.65608         1.5563          2.649
            301         5.6526      0.0044945        0.68989         1.6499         2.7126
            306         6.3393      0.0050763        0.51424         1.0642         2.4055
            310           0.86     0.00053175         0.9999         9.3615         13.132
            314         7.7466      0.0044906        0.61898         1.4524         2.5981
            317         4.6925      0.0053973        0.72224         1.6062         2.6957
            318         6.8081      0.0053604          -0.05            0.0         2.0866
            322         10.686      0.0058254         0.3388        0.72169         2.2701
            324         7.0561       0.005336        0.57405         1.2398         2.4927
            329           0.86      0.0005912         0.9999          9.242         12.706
            331         7.1668      0.0048066        0.43729        0.99074         2.3794
            332         6.2171      0.0046442        0.54455         1.1719         2.4676
            336         2.5058       0.005881        0.21186        0.32995          2.134
            337         7.7308      0.0050817        0.61385         1.4299         2.5684
            340           0.86     0.00059037         0.9999         9.2527         13.018
            341          3.998      0.0057383        0.28707        0.56143         2.2121
            342          12.29      0.0043519        0.55153         1.2808         2.5154
            344         6.7581      0.0037237        0.65211          1.562         2.6855
            345         11.214      0.0044515        0.58213         1.3501         2.5438
            346         10.092      0.0043709        0.60388         1.4881         2.6201
            353         7.5262      0.0045728        0.58595         1.3072         2.5176
            357         0.8851     0.00049808         0.9999         9.5219         13.278
            358         6.8195      0.0049438        0.50489         1.0965         2.4158
            361         2.4403      0.0055109        0.46865        0.86052         2.3244
            362         5.9662      0.0053669        0.60553         1.2707         2.5126
            366           0.86     0.00049568         0.9999          9.266          13.11
            367         8.8153      0.0056819        0.63369         1.3876         2.5566