      trialid       alpha_dup   learning_rate posterior_div_weight     validklp       validnll
              4         7.6537      0.0049654         0.5841        0.93614         2.6836
             54           16.0      0.0043658        0.37318         1.4063         2.9237
             87         13.191      0.0043194        0.42439         1.4244         2.9332
            109         15.836      0.0050396        0.87052         2.1948         3.4873
            118          15.02      0.0034539         0.3104          1.207         2.8306
            149         15.396      0.0063651       0.061377        0.30794         2.3442
            158           3.58       0.005776       0.099873        0.24109         2.2967
            162         9.6379      0.0032513        0.65403         1.5512         3.0486
            164         12.616      0.0072132        0.11122        0.38329         2.3443
            174          12.71      0.0040867        0.41672         1.4189         2.9301
            176         13.488      0.0067077        0.89188         1.6138         3.0765
            177         13.598      0.0048749        0.46273         1.3655         2.8906
            178         6.9491      0.0038397          0.117        0.53185         2.4725
            180         11.673      0.0039074        0.83519         1.8911         3.2238
            181         9.6013      0.0047854        0.37185        0.88524          2.664
            183         11.873      0.0052836        0.88466         1.8177         3.1994
            195         14.986      0.0082967        0.17193        0.47386         2.4241
            199          10.59       0.003768        0.51204         1.4884         2.9698
            206         8.8299      0.0040987        0.19553        0.69853         2.5639
            207         10.911      0.0047065        0.80636          1.751         3.1365
            221         9.9916      0.0042293        0.88941         1.7867         3.1602
            226           16.0      0.0043747        0.25442         1.0001         2.6942
            228         10.361        0.00484        0.68694         1.4798          2.966
            233         6.4154      0.0041315         0.1929        0.57187         2.5038
            241         8.0431      0.0036491         0.8767         1.4954         3.0171
            245         9.7139      0.0038735        0.79809         1.6952         3.0974
            246         15.823      0.0056998        0.13843        0.56726         2.4909
            259           16.0       0.005647        0.15888        0.67618         2.5357
            267         15.349      0.0028252        0.99693         2.4725         3.7136
            270         12.103      0.0047007        0.34344          1.317         2.8517
            272         15.888      0.0052002        0.21316        0.82979          2.619
            274         6.7041      0.0044148        0.32478        0.72881         2.5746
            277         15.688      0.0044875        0.88946         2.4233         3.5438
            283         15.717      0.0016649        0.97246         2.5663         3.9761
            284          12.21        0.00417        0.89812          2.101          3.406
            289         13.005      0.0042458        0.20919        0.84714         2.6213
            290           16.0      0.0046758        0.79645         2.2844         3.5265
            293         14.131      0.0038701         0.9999         2.4345          3.671
            300         14.679      0.0045988         0.5902         1.9947         3.2709
            305         12.326      0.0048106        0.30654         1.0915         2.7377
            308         9.0442      0.0057125        0.77824         1.2034         2.8295
            309         8.7504      0.0056871        0.83211          1.095         2.7884
            310         9.1974      0.0066756        0.43305        0.66001         2.5202
            311         8.5006      0.0048243        0.82112         1.1373         2.8019
            316         8.1686      0.0057865        0.53481        0.85359         2.6587
            321         6.4248       0.004785        0.56852        0.77404         2.6073
            322          15.96       0.001433        0.90191         2.7846         4.1541