      trialid       alpha_dup   learning_rate posterior_div_weight     validklp       validnll
             21         2.2616      0.0037965        0.17506        0.31015         2.3961
             26          5.681      0.0051806        0.08448        0.14125         2.3208
             38         4.3224      0.0044554        0.23616        0.38965           2.41
             46         1.4525      0.0045397          -0.05            0.0         2.3146
             47         8.5353      0.0088227        0.92041         2.6272         3.8149
             55         1.5992      0.0043787         0.3552        0.48722         2.4532
             57         12.368      0.0054417        0.45366        0.80073          2.534
             74         1.5515      0.0050563        0.13597        0.15364         2.3288
             77         2.1661      0.0060631        0.41441        0.54132         2.4865
             88         3.6747      0.0008686        0.94488         3.2691         4.7541
             89         8.3925      0.0033614        0.77098         1.8791         3.0598
             93         9.4573      0.0035195        0.53302          1.126         2.6845
             97         6.0175      0.0050204        0.16967        0.26338         2.3675
             98         5.1587      0.0038135        0.88169         2.4615         3.4488
            106         5.3879     0.00063575        0.92378         2.7102         4.4761
            110           15.4      0.0016454        0.62568         1.5579         3.0583
            113         10.182      0.0014021         0.9582         4.3075         5.1441
            114         1.3942      0.0057142        0.46412        0.56313         2.5177
            118         13.754      0.0023671        0.95666         4.1827         4.7935
            123           16.0      0.0044046        0.67296         1.4489         2.8088
            125         15.687       0.001964        0.86128         2.5955          3.617
            131          2.774      0.0051271        0.63995        0.97949         2.6469
            137         3.6763      0.0024191        0.97622         4.4649         5.3078
            143         7.3901      0.0041942        0.25537         0.4806         2.4339
            144         12.874      0.0057194        0.52757        0.95217         2.6292
            147          1.936      0.0050467        0.36474        0.53773           2.47
            149         14.756      0.0076218        0.97072         4.4477         5.1501
            165         8.0177      0.0091337        0.98653            5.0         6.4224
            166         15.863      0.0071819        0.97774         4.8063         5.4755
            179         6.5329      0.0050527        0.81269          1.886         3.0925
            188         10.294      0.0028735        0.82125         2.3291         3.3344
            189         7.9861      0.0024768          0.797         2.1414         3.2676