      trialid       alphadup   learningrate posteriordivweight     validklp       validnll
              2         4.8891      0.0026583        0.69574        0.71425         2.5297
             18         2.0295           0.01        0.99954         10.458         11.084
             20         2.0936      0.0031304        0.80868         1.0748         2.6638
             39         6.1304      0.0050737       0.091544     5.3387e-05         2.2124
             57         8.9992      0.0047463        0.59016        0.23728         2.2879
             69         15.991      0.0033832        0.85663         1.4079         2.8191
             70         4.4177      0.0039754        0.91431         2.0851         3.2595
             73         9.7068      0.0097306         0.9999         11.818         12.431
             82         2.4359       0.006979        0.95756         2.6143         3.6296
             86         1.1646      0.0032242        0.78493        0.90024         2.5803
             87         14.179      0.0051703        0.41433     5.6656e-05         2.2169
             94         8.9328      0.0045203        0.50526        0.17499         2.2688
             99         4.4532      0.0088273        0.99688         7.0511         8.1738
            102         3.9355      0.0024931        0.74954        0.91198         2.6324
            109         1.1136      0.0041936        0.57069        0.22939         2.2822
            115         12.924      0.0054981        0.94023          2.113         3.3152
            145         10.105      0.0098565        0.99516         4.2377         7.3549
            150        0.88075       0.003202        0.79859         1.1471         2.6965
            152         15.904      0.0097787        0.99968          10.88         11.448
            153         9.7919           0.01        0.99932         10.054         10.675
            154         15.662      0.0099081        0.96069         2.7131         3.8178
            169         4.4804           0.01        0.99982         11.416         12.012
            170         15.959      0.0038991        0.83557         1.0729         2.6381
            171         9.7107      0.0048297        0.97395         3.7391         4.7765
            178         6.9263      0.0034682        0.86085         1.5248         2.8782
            183         7.4653      0.0036723        0.89813         1.6397         2.9629
            187         4.9747      0.0041414        0.91384         1.9138         3.1343
            188         4.1659      0.0030385        0.85638         1.4348         2.8464
            195         1.8355       0.004062        0.90072         1.8452         3.0793
            199         7.8102      0.0064581        0.99631         4.8955         7.9832
            207           16.0      0.0095892         0.9999         11.952         12.479
            211           16.0           0.01        0.99533         4.3116         7.4339
            213         4.5564      0.0099701        0.99925          9.929         10.492
            216           0.86      0.0097624        0.99852         7.7695         8.9086
            220         15.407      0.0071801        0.96417         2.8892          3.894
            221          3.322      0.0098584        0.99521           4.17         7.3163
            224         4.6705      0.0099255        0.99546         4.2109         7.3305
            226         14.974      0.0096334        0.97317         3.0684         4.2361
            237         4.4464      0.0099947         0.9994         10.435         11.039
            244         4.5265      0.0099763        0.99589         4.6607         7.7471
            247           16.0      0.0096699         0.9999           12.0         12.552
            256         14.791      0.0068366        0.80768        0.41913         2.3198
            257           16.0           0.01        0.99375         4.0079           7.09
            259         12.333      0.0099961        0.99943         10.279         10.883
            261         7.8881           0.01        0.99918         9.7507          10.37
            263         13.857      0.0099442        0.99515         4.4829         7.5745
            270         5.3863           0.01        0.98347         3.8878         5.4092
            271         4.2859      0.0084689         0.9999           12.0         12.531
            280         3.9728           0.01        0.99707         4.9208         8.0426
            285         4.5557      0.0099963        0.99606         4.6948         7.7902
            293         4.8937           0.01         0.9999         11.834          12.46
            294         4.0554           0.01        0.99973         11.019          11.66
            295         4.9378           0.01        0.99726         4.9935         8.0601
            299         4.7046           0.01        0.99603         4.5558         7.6797
            306         3.8495           0.01        0.99638         4.8082         7.8815
            314         6.6016       0.004184        0.36639         0.0353         2.2374
            320         15.643      0.0048934        0.51195        0.12631         2.2466
            325        0.87557       0.005223        0.69944        0.26519          2.292
            377           0.86      0.0052924        0.69939        0.26733         2.2989
            405        0.99969      0.0050519        0.17086      5.631e-05         2.2145
            410         15.956      0.0033353        0.74063        0.62692         2.4602
            415           16.0       0.003971        0.54005        0.23052         2.2871
            423           16.0      0.0039205        0.75126        0.60282          2.439
            426         4.2592           0.01        0.85677        0.42609         2.4315
            427         2.9006      0.0024425        0.94922         2.9841         3.9211
            431        0.89243      0.0035233        0.43649        0.13034         2.2556
            437         1.7183      0.0022743        0.84939         1.5457         2.9538
            467           16.0      0.0041131        0.50636        0.20423         2.2772
            475         14.808      0.0043009        0.28095     4.2828e-05         2.2115
            477        0.96377      0.0044907         0.8571         1.1119         2.6658
            485         15.079      0.0029418        0.85315         1.5403          2.899
            487        0.99123      0.0059192        0.74266        0.27508         2.3106
            491         1.7572      0.0032147        0.94819         3.0206         3.9223
            496         1.2998      0.0029034        0.91087         2.0256         3.2408
            500        0.89974      0.0031145        0.90637         1.9987         3.2031
            512         6.9366       0.002935        0.79928         1.1714         2.7088
            524         1.2337       0.003043        0.91245         2.2079         3.3587
            527         1.0855      0.0030764        0.92987         2.5206         3.5751
            529           16.0       0.002925        0.91917         2.1303         3.3307
            534           0.86      0.0022865        0.79758         1.1971         2.7775
            538         15.669      0.0045706        0.48792        0.12592          2.242
            541         8.1582      0.0041641        0.93578         2.3377         3.3733
            544         12.239       0.002914        0.90643         2.1834         3.3388
            554         14.172      0.0030177        0.92244         2.3568         3.4619
            558         15.529      0.0022487        0.79174         1.2619         2.8034
            559         1.1988      0.0070514          -0.05            0.0         2.2087
            562          0.876      0.0026801        0.90903         1.9159         3.1822
            568        0.87573           0.01        0.99551         4.6638         7.7643
            570           0.86       0.004002        0.90876         1.6727         2.9809
            571           0.86           0.01        0.99946         10.231         10.826
            575         0.8694           0.01        0.99444         4.1178         7.2511
            579           0.86           0.01        0.99497         4.3871         7.4788
            583           0.86           0.01        0.99974         11.008         11.568
            603         1.8919           0.01         0.9999         11.824         12.449
            604         1.9802           0.01         0.9999         11.793         12.396
            605          1.419           0.01        0.99978         11.195         11.791
            610         1.5221           0.01         0.9999         11.783         12.392
            611         2.5567      0.0099427         0.9999         11.758         12.375
            612         2.6275       0.009986         0.9999         11.714          12.36
            619         2.4446           0.01         0.9999         11.896         12.476