      trialid       alpha_dup   learning_rate posterior_div_weight     validklp       validnll
             16         7.4724      0.0032965        0.75728          1.583         3.3359
             18         10.911      0.0039838        0.45149        0.73355         2.9313
             52         1.0144      0.0036029       0.064389       0.082745         2.7333
             57           16.0      0.0029471        0.58742         1.1076          3.079
             58           16.0       0.001612        0.97505         4.3471         5.5894
             74         5.8535      0.0025789        0.50761        0.89312          3.017
             78         12.765     0.00093796        0.97966         4.3988         6.2329
             93         11.486      0.0024548        0.79538         1.9462         3.5518
             95         9.3649      0.0038262        0.32295        0.51006         2.8532
             96         2.9973      0.0027866        0.10689        0.11996         2.7672
            102         8.3909       0.004125        0.69158         1.2823         3.1756
            103         9.8915      0.0044604        0.51027        0.76258         2.9668
            114         7.9365      0.0019805        0.89952         2.5804         4.0656
            115          12.87      0.0017931         0.9895            5.0         6.8656
            120         6.6862      0.0037942        0.27512        0.37922         2.8251
            123         13.333      0.0032379       0.021879       0.078276         2.7281
            126           16.0      0.0030381        0.97883         4.2551         5.3532
            129         3.2208       0.003211        0.56466        0.91106         3.0255
            142         1.3662      0.0033524        0.22288        0.23626         2.8046
            150         12.952      0.0052513        0.93945         2.7568          4.343
            152         2.3025       0.003436        0.96724         2.9629         4.6332
            154         9.6911      0.0014961        0.90429         2.6241         4.2235
            155         9.2667      0.0035446        0.96963         4.0854          5.271
            160         6.9661      0.0044375         0.4947        0.73998         2.9521
            167         15.363      0.0027333        0.83264         2.0025         3.5792
            172         1.8989      0.0025794       0.054186       0.089612         2.7665
            178         10.395      0.0023509        0.71597          1.626         3.3716
            181          2.425      0.0027594        0.76594         1.3427         3.2887
            183         4.9794      0.0030068        0.71239         1.3343         3.2142
            191         9.9994       0.003165        0.31107        0.50702          2.848
            196         13.425      0.0040592        0.70255         1.2582         3.1678
            200         4.7827      0.0029574         0.8321         1.8597         3.5177
            202         4.1292       0.002806        0.81074         1.6841         3.4351
            211           16.0      0.0025509        0.96076         3.7486         4.9081
            215         12.292      0.0031637        0.83209         2.1168         3.6244
            218         5.7321      0.0024958        0.79612         1.7145         3.4662
            222          11.66      0.0033601         0.9593         3.5537         4.6621
            223         8.0771      0.0034237        0.89202         2.4928         3.8978
            226         13.833      0.0032522        0.39159        0.65543         2.9033
            228         6.4341      0.0023334        0.77734         1.6904         3.4513
            229         15.794      0.0021448        0.95138         3.5802         4.7253
            231         15.964      0.0031142        0.84488          2.248         3.6987
            233           16.0      0.0026626        0.42973        0.80289         2.9717
            235         1.2749      0.0027762        0.17442        0.16975         2.7928
            242         13.728       0.004398        0.58614        0.98616         3.0423
            244         3.0276      0.0031151        0.24664        0.33527         2.8176
            247         10.552      0.0032215        0.50307        0.89088         2.9798