      trialid   learningrate posteriordivweight     validklp       validnll
             32      0.0050352       0.028257     5.5466e-05         2.2053
             51      0.0054609        0.73526        0.27643         2.3149
             68      0.0066803          -0.05            0.0         2.1815
             72           0.01        0.99961         10.643          11.24
            111           0.01        0.99952         10.364          10.97
            116      0.0057231        0.35615     6.6886e-05          2.217
            123      0.0031359        0.60127        0.33841         2.3592
            132           0.01        0.99868         7.8081         9.0191
            143      0.0036981        0.96941          3.619         4.4614
            146      0.0050425         0.9995         10.578         11.081
            148      0.0043078        0.99974         11.418          12.02
            149      0.0055239        0.99889         9.6821         10.171
            150      0.0039937        0.99984         11.946         12.524
            151      0.0081432         0.9999         11.898         12.441
            159      0.0039938        0.98621         5.0688         5.9777
            170      0.0028367        0.98316         4.6659         5.6413
            171      0.0020873        0.94944         2.7877         3.8256
            184      0.0074438        0.99799         7.5989         8.5991
            194      0.0057886        0.72383        0.26692         2.2992
            196      0.0041766        0.97913         4.3945         5.3545
            197      0.0043473        0.97758         4.2384         5.2279
            198      0.0037514        0.97176         3.6214         4.5161
            201      0.0042749        0.96808         3.5435         4.4069
            208      0.0099094        0.99978         11.125         11.729
            212      0.0028768        0.81501         1.2145         2.7362
            225      0.0065982       0.046883     8.2557e-05         2.2369
            229      0.0095978         0.9999          11.85         12.436
            237      0.0041578        0.64408        0.26174         2.2866
            240      0.0016122        0.95689         3.4212         4.3235
            241      0.0037641        0.96954         3.7462         4.5334
            245        0.00438        0.50736        0.13386         2.2419
            248      0.0042319        0.58379        0.23497         2.2811
            272      0.0031937        0.91096         1.9683         3.1596
            274      0.0099146        0.99548         6.5338         7.7444
            285      0.0029434        0.91863         2.1757         3.3275
            286      0.0028147        0.67508        0.49755         2.4408
            320      0.0042175        0.80573        0.66496         2.4653
            322      0.0026887        0.68445        0.70139         2.5225
            325           0.01        0.84637          0.411         2.4389
            327      0.0024478        0.93109         2.2521         3.4332
            328      0.0040126        0.96261         3.1829         4.1953
            330      0.0032978        0.80086        0.84305         2.5483
            335      0.0035869        0.95807         3.0911         4.0475
            337      0.0023237        0.92594         2.3577         3.4925
            340      0.0032331        0.91252         2.0316         3.2394
            342      0.0037064        0.93718         2.3165         3.4746
            343      0.0022566         0.8576         1.6979         3.0323
            344      0.0036886        0.89649         1.8682         3.0873
            353      0.0087309        0.91949        0.96972         2.6482
            354      0.0067029        0.96636          2.701         3.7478
            360      0.0058609        0.93592         2.0822         3.2994
            361      0.0037817        0.79235        0.90509         2.5575
            387      0.0042742        0.87591         1.3795         2.8025
            389      0.0059234        0.99109         5.9604         6.8882
            393      0.0065779        0.98657         4.8302         5.8884
            418      0.0048974         0.9883         5.2647          6.216
            422      0.0067227         0.9999           12.0         12.526
            427      0.0042435        0.96058          2.897         4.0074
            433      0.0046174        0.98532         4.7871         5.7769
            436      0.0042973        0.37562        0.06308         2.2383
            442      0.0035518         0.8494         1.2618         2.7376
            443      0.0023976        0.86898          1.697         3.0246
            444       0.008009        0.99966         10.945         11.427
            447      0.0046536        0.96864          3.511         4.4027
            448      0.0046346         0.9936         6.4195         7.3433
            449      0.0045958        0.99236         6.2963         7.1097
            456      0.0065736        0.99907         9.7715         10.224
            467      0.0056961        0.98071         4.1009         5.2039
            469      0.0055857        0.99679         7.2905          8.195
            478      0.0038404         0.6523        0.33426          2.331
            490      0.0024724        0.58844        0.36081         2.4123
            491      0.0056297        0.98417          4.685         5.6964
            492      0.0056444        0.99705         7.3273         8.3223
            505       0.005418        0.98369         4.5166         5.5938
            506      0.0064258        0.29146     8.2372e-05         2.2349
            511      0.0055366        0.98137          4.011         5.1389
            512      0.0019932        0.94251         2.7066         3.7877
            515      0.0055033       0.098971     6.3285e-05          2.213
            516      0.0022844        0.95039         2.8856         3.8957
            517      0.0055712        0.98387         4.8206         5.8326
            526      0.0057611         0.9967         7.1237         8.1122
            530      0.0018775        0.94874         2.8142         3.8603
            532      0.0021704        0.95899         3.0727         4.0136
            537      0.0048674        0.99982         11.678         12.207
            539        0.00455        0.87958         1.4152         2.8261
            540      0.0042987        0.83515        0.96379         2.5939
            570      0.0034193        0.90581          2.066          3.248
            582      0.0074911        0.99978          11.26         11.743
            589      0.0091624         0.9999         11.845         12.411
            591      0.0025578        0.76736         1.0322         2.6635
            593      0.0029815        0.91989         2.2474         3.3969
            596      0.0031174        0.89865         1.9361         3.1291
            597      0.0025401        0.83486         1.4863         2.8985
            602      0.0047147         0.8971         1.6026         2.9249
            604      0.0024241        0.75579         1.0342         2.6753
            610      0.0027007        0.92981         2.4564         3.5291
            614       0.009159         0.9999         11.921         12.472
            616      0.0035143        0.93585         2.6335         3.6729
            619      0.0045355        0.91077         1.7875         3.0512
            621      0.0045391        0.93564         2.5968         3.5414