      trialid       alpha_dup   learning_rate posterior_div_weight     validklp       validnll
            105         8.2848      0.0049936        0.14104          0.328         2.3759
            119         13.072      0.0052506        0.68793         1.5353         2.8616
            142          14.64      0.0035022         0.4276         1.0608         2.6222
            214         9.1691      0.0056437        0.27567        0.61329         2.4704
            233         6.5068      0.0050485        0.88015         2.4365         3.4218
            239         13.155      0.0031308         0.9551         3.6905         4.3667
            243         15.655      0.0050915        0.85842         2.2716         3.3417
            245         3.9341         0.0046        0.18626        0.46569          2.426
            274         12.861      0.0024689        0.96897         4.0043         4.6865
            284          13.03      0.0050956        0.63553         1.4085         2.7922
            286         13.137      0.0036762        0.59354         1.4282         2.7927
            287         14.592      0.0027352        0.97476           4.19         4.8455
            291         14.147      0.0055476        0.88864         2.6827         3.5839
            307         12.485      0.0019538        0.96994         4.2234         4.9391
            315         8.6462      0.0051654        0.72793         1.5815         2.9076
            337         15.957      0.0048721        0.58487         1.3278         2.7268
            347         6.6492      0.0037864        0.46269         1.0562         2.6211
            353          13.44      0.0025759        0.94093         3.4596         4.1947
            356         5.7557      0.0039039        0.27089        0.68743         2.4892
            358         12.287      0.0047332        0.85941         2.3725          3.355
            362          13.23      0.0036694        0.84312         2.1964         3.2569
            369         15.335      0.0041909        0.88676         2.5983         3.5256
            370          13.93      0.0025728        0.97236         4.1764         4.8174
            376         4.9042      0.0050835        0.19163        0.44957         2.4096
            377           16.0      0.0030032        0.82675         2.3388         3.3475
            390         13.618      0.0033104        0.46193         1.1261          2.662
            396         15.652      0.0040631        0.52688         1.2648         2.6957
            414         9.4628      0.0055877        0.31245        0.69126         2.4901
            416         9.6074      0.0036719        0.58124         1.3581         2.7582
            418           16.0      0.0038195        0.90928         2.8262         3.6921
            421         7.7008      0.0049913        0.63699         1.3634         2.7776
            425         8.8832      0.0043293        0.70412          1.573         2.8873
            429         12.665      0.0035038        0.94142         3.3038         4.0546
            432         11.858      0.0031554        0.86895         2.5367         3.4856
            439         14.195      0.0037544        0.84609         2.3786         3.3797
            440         14.423      0.0043364       0.091103         0.2641         2.3486
            454         7.0113       0.004699        0.22122        0.54703         2.4362
            456         12.337      0.0038006        0.68245         1.5665         2.8681
            457         10.889      0.0042072        0.71163         1.6418         2.9128
            470         8.3902       0.003869        0.46299         1.0022         2.5912
            478         10.874      0.0032919        0.65579         1.5787         2.8934
            484         10.863      0.0028006         0.9547         3.4885         4.2569
            491         13.271      0.0034672        0.94185         3.3256          4.102
            494         9.1917      0.0034329        0.59317         1.3924         2.7846
            499         11.289      0.0035427        0.88526         2.6011         3.5434
            500         14.333      0.0049481        0.94617         3.4919         4.2759
            502         3.1786      0.0047786      0.0053144        0.11512         2.3085
            506         9.6543      0.0036909         0.7095         1.6843         2.9446
            508         13.077      0.0047886        0.93523         3.1593         3.9652
            515         11.568      0.0037066        0.21543        0.58661         2.4545
            516         12.708      0.0037439        0.70454         1.7066         2.9449
            519         7.2687      0.0036904         0.6504         1.4837         2.8274
            522         9.3067      0.0027339        0.82466         2.3032         3.3439
            523         6.9112      0.0044434        0.27626        0.65859         2.4718
            533         8.3344      0.0047237        0.94118         3.2697         4.0326
            540         10.579      0.0032028        0.81917         2.1978          3.268
            550           5.63      0.0047092        0.29476        0.68096         2.4863
            555         2.4159      0.0050016        0.01389        0.11426         2.3015
            556         14.044      0.0038437        0.96896         3.9282         4.6017
            561         12.324      0.0035247         0.9426         3.3217         4.0787
            563         15.942      0.0030925        0.65296         1.6286         2.9113
            567         8.3766      0.0048088        0.36884        0.81506         2.5262
            572         12.627      0.0041945        0.84154         2.2694         3.2884
            585         3.2386      0.0043005        0.34469        0.76063         2.5197
            586         12.109      0.0050165        0.35262        0.82674          2.527
            587         12.827       0.004581        0.72434         1.6614         2.9246
            589         14.272      0.0037672        0.78998         2.0352         3.1294
            590         12.501      0.0027025        0.90286          2.768         3.6815
            609         14.291      0.0045287        0.58944          1.339         2.7349
            611          10.56      0.0040129        0.25457        0.67005         2.4767
            613         15.722      0.0030988         0.9335         3.2084         3.9686
            615         15.088       0.004687        0.88009         2.5632         3.5033
            617         9.8413      0.0040621       0.098556        0.29726         2.3663
            621          11.97      0.0041495        0.92524          2.957         3.7776
            623         12.381      0.0036708        0.65677         1.5262         2.8448
            628         7.3852      0.0042239        0.47665         1.0659         2.6253
            634           16.0      0.0030871        0.61771         1.5366          2.863
            641        0.88785      0.0041954       0.019108        0.11694         2.3119
            642         10.243      0.0039742        0.59471         1.2844         2.7258
            645           16.0      0.0026852        0.84716         2.3956          3.417
            647           16.0      0.0036374        0.34249        0.90449          2.558
            654         8.7045      0.0047539        0.63613         1.4549         2.8007
            655         10.737      0.0037687        0.91724         2.9964         3.8361
            658         11.279      0.0039153        0.28372        0.75114         2.5014
            668         10.039      0.0033377        0.96098         3.7228          4.432
            672         10.412      0.0032423        0.65089         1.5681         2.8765
            675         13.576      0.0031818        0.89493          2.748         3.6442
            676         7.5564      0.0038856        0.11936        0.35696         2.3777
            678         13.443      0.0038483        0.72682         1.7869         2.9809
            679         6.3732      0.0049326        0.38837        0.85842         2.5349
            680         13.264      0.0041111        0.16134        0.45444         2.4117
            686         13.377      0.0029755        0.97579          4.403         5.0242
            687         14.285      0.0036704        0.89579         2.5691         3.5157
            695         14.026      0.0034349        0.97372         4.3286         5.0057
            702         11.621      0.0029868        0.82288         2.2339         3.2859
            705         15.125      0.0044999        0.57863          1.331         2.7283
            706         13.877        0.00316        0.98731            5.0         5.6667
            709           16.0      0.0030107        0.94241         3.3828         4.1046
            711         7.8001      0.0041398        0.50704         1.1027         2.6428
            712           10.2      0.0041942         0.1301        0.36075         2.3844
            714         1.7377      0.0043711       0.073965        0.17683         2.3318
            718         14.322      0.0033198        0.79428         2.0357         3.1612
            721         11.557      0.0045336        0.37139        0.87713         2.5441
            723         6.6151      0.0052879        0.43024        0.88589         2.5484
            725         11.282      0.0030789        0.93867         3.1074         3.9363
            726         12.629        0.00422         0.4387         1.0541         2.6112
            728          14.84      0.0041408        0.56488           1.35         2.7506
            732           16.0      0.0057272        0.96097         3.7812         4.5552
            736         12.354      0.0067443        0.97143         4.4609          5.181
            738         12.085      0.0030872        0.70082           1.73         2.9671
            739           16.0       0.004294         0.7509         1.8445         3.0163
            741         12.703      0.0038206        0.42698          1.031         2.6051
            744           16.0      0.0039018         0.7011         1.6818          2.931
            745          9.888      0.0036349        0.82545         2.1618         3.2317
            753         15.948      0.0033885        0.66208         1.6313         2.9117
            760         8.7654       0.004317        0.23918        0.60245         2.4557
            766          12.06      0.0053775        0.76887         1.9316         3.0432
            768         12.744      0.0040385         0.7759         1.9886         3.1063
            773         13.663      0.0036836        0.75961         1.9404         3.0807
            778          4.423      0.0043514        0.14853        0.38209         2.3852
            780           16.0      0.0042798        0.29299        0.73566         2.4995
            785         15.688      0.0036373        0.96288         3.9514         4.6392
            787         9.4737      0.0041224        0.50353         1.1783         2.6676
            798         10.038      0.0039915        0.16963        0.45847         2.4176
            800         15.284      0.0041298        0.87832         2.5258         3.4632
            801         15.976      0.0037713        0.54212         1.2712         2.7105
            802         13.098      0.0039565        0.93381         3.0455         3.8643
            803         5.0924      0.0051296        0.46542        0.95749         2.5876
            807          11.11      0.0038773        0.98397         4.4578         5.1699
            811         13.735      0.0039087        0.98003         4.4457         5.0868
            814         15.625      0.0038922        0.81171         2.1142         3.1838
            815         15.791      0.0029151         0.9704         3.9026         4.5912
            817         10.074      0.0038883        0.98234         4.5074         5.2079
            825         15.105      0.0045645        0.68534         1.5296         2.8547
            835          11.22      0.0044165        0.16645        0.44408         2.4059
            843         15.745      0.0037739        0.31352        0.82187         2.5266
            844         9.6081      0.0038599        0.98627         4.8911         5.5544
            849         7.7393      0.0037586        0.46613         1.0779         2.6353
            851         9.3714      0.0026137        0.98904         4.9145         5.6246
            853         8.7306       0.004284        0.93016           2.87         3.7766
            859         7.8073       0.004531        0.54164         1.1952         2.6796
            861         13.583      0.0050131        0.17385        0.42809         2.3992
            863         7.9025      0.0041893        0.73989         1.7573         2.9749
            864          12.38       0.003289        0.63408         1.4627         2.8251
            866         11.498      0.0040239        0.27058         0.7042         2.4927
            869         11.942      0.0039913        0.95364         3.4737         4.2341
            870         12.279      0.0035111        0.61613         1.4028         2.7908
            875         9.2979      0.0039759        0.50494         1.1077         2.6443
            876           16.0      0.0037104         0.8691         2.4258         3.4175
            881           16.0       0.004836        0.96232         3.8625          4.565
            882         9.1941      0.0042096        0.81255         2.0573         3.1776
            885         13.582      0.0044719       0.033112        0.14528         2.3261
            886         12.028      0.0043157        0.38805         0.9445          2.566