      trialid       alpha_dup   learning_rate posterior_div_weight     validklp       validnll
             14         1.4998      0.0056147        0.37253     5.6868e-05         2.3173
             24         13.803      0.0029958         0.8447         1.4211         2.9704
             48         2.7668      0.0069555        0.97974         4.2466         5.2121
             58         6.2877      0.0037538        0.88509         1.6274         3.0731
             61         12.115      0.0099476        0.98693            5.0         6.2226
             73         4.5022       0.005832        0.75926         0.2692         2.4082
             74         14.127      0.0042939        0.88431         1.3629         2.9121
             75         1.1237      0.0028035        0.91829         2.3251          3.517
             80         3.1842      0.0063302        0.25859     6.7331e-05          2.326
             84        0.87468       0.005278        0.68687        0.25199          2.399
             90          2.514      0.0036951        0.42405        0.11618         2.3715
             92         3.1024      0.0048145        0.94515         2.4998         3.6486
             93         5.7614      0.0032887        0.81371         1.0239         2.7577
             97         8.5916      0.0035841        0.86957         1.3795         2.9236
             98         1.1569      0.0059813         0.8407        0.52892         2.5198
            101           0.86      0.0019033        0.93897         2.7616         3.9342
            106         8.1589        0.00561        0.17068     5.9328e-05         2.3195
            112         3.4822      0.0059496       0.085045     6.1367e-05         2.3227
            123         1.2457      0.0068065        0.38575      7.523e-05         2.3415
            139         2.4794      0.0039332        0.97749         4.4708           5.27
            146         1.5165      0.0033738          0.822         1.1496         2.8071
            153         2.1843      0.0050691        0.48964        0.11514         2.3554
            160         4.2125      0.0034623        0.73521        0.66662         2.5933
            161         1.0633      0.0049907         0.7602        0.36089         2.4404
            173         9.8191      0.0042946        0.69791        0.26034         2.4062
            178         11.683      0.0045618        0.47115        0.11442         2.3547
            180          3.144      0.0042434        0.96665         3.6438         4.4523
            182         1.2885      0.0055055        0.30515     5.3447e-05          2.314
            188         1.4504      0.0054672        0.42029       0.036837         2.3428
            189         7.3851      0.0052474        0.57308         0.2089         2.3864
            190         15.945       0.005838        0.74596        0.26446         2.4071
            201         7.9793      0.0032088        0.96097         3.2775         4.2068
            202        0.88442      0.0024611        0.92343         2.2462         3.5091
            207         4.7215      0.0026911        0.93128         2.4641         3.6404
            208         1.2002      0.0018511        0.89292         1.9921         3.4328
            209         12.509      0.0035146        0.95013         2.9983         3.9749
            218         14.178      0.0031417        0.84762         1.2231         2.8552
            221         0.9753      0.0056155        0.92703         1.7091         3.1618
            226          8.089      0.0035286        0.75696        0.70806         2.6018
            228         1.5884      0.0048498        0.83807         0.7726         2.6313
            229         1.0386      0.0042034        0.81086        0.86588         2.6456
            241         2.1207      0.0065554        0.95016         2.4181         3.6196
            242         1.7097      0.0054328        0.86839        0.91688         2.6961
            243         9.2214      0.0041454        0.98303         4.7753         5.6927
            244         4.4984      0.0046809        0.92172         1.9279         3.2273