      trialid       alpha_dup   learning_rate posterior_div_weight     validklp       validnll
              3         7.2287      0.0028783        0.71598         1.2712         1.5258
              9           0.86      0.0013488        0.99638         4.5178         5.3385
             15         8.7958      0.0004361        0.92489         2.8251         3.6569
             20         3.2974     0.00076382        0.86475         2.2502         2.5769
             45         5.0144     0.00020342         0.9999         6.4541         10.731
             47         14.846      0.0020461        0.95418         2.6222         2.7252
             76         1.6168      0.0018319        0.84483         1.6965         1.9031
             83         9.7569      0.0019397        0.77107         1.5558         1.7728
             91           16.0      0.0023764        0.19063        0.20331        0.82291
             94         7.3662      0.0019955         0.3143        0.53769          1.015
             99          9.694      0.0025601        0.52161        0.89634         1.2278
            101         4.9981       0.002753        0.29569        0.40384        0.92701
            102         11.136      0.0054189        0.95685         2.8193         2.9186
            104         6.4891      0.0036298        0.82778         1.5254         1.7379
            106          12.61      0.0030018        0.63913         1.1012         1.3777
            118         4.5321      0.0016694        0.86296         1.9412         2.1099
            121         5.1105      0.0026148        0.17694        0.17932        0.80577
            122         2.1919     0.00079744         0.7888         1.9887         2.3156
            152         9.2232      0.0023088        0.59386         1.0715         1.3583
            171         2.3995      0.0029485         0.2223        0.23589        0.84015
            172         4.7322      0.0022912        0.42976        0.71675         1.1186
            173         12.403      0.0030813        0.63841         1.1023          1.381
            174         13.742      0.0028931        0.62439         1.1183         1.3903
            178         6.6167      0.0028815        0.77549         1.4232          1.661
            181         6.1582      0.0024834         0.4915        0.82435         1.1855
            186         0.8922     0.00020649         0.9999         11.954         15.769
            189         5.4188       0.002551        0.16481        0.16681        0.80053
            192         15.326      0.0024507        0.96207         2.7939         2.8867
            198         7.3176      0.0024843        0.67136         1.2215         1.4879
            201         8.3081      0.0019463        0.60666         1.1641         1.4471
            204         13.963      0.0019027        0.71627          1.391         1.6282
            210         10.915      0.0022585        0.79057         1.5724         1.7811
            215         5.0919      0.0026018        0.76187         1.4054         1.6464
            218         2.2975      0.0023842        0.49136        0.72605         1.1353
            220         6.3368      0.0021708        0.61341         1.1249          1.407
            221         6.8278      0.0025587           0.72          1.339         1.5868
            223         3.1533      0.0022088        0.31609        0.45458        0.97103
            231         14.065      0.0026448        0.39577        0.61787         1.0444
            235         6.2765      0.0024303        0.72614          1.326          1.571
            237         5.5331      0.0021976        0.62596         1.1266         1.4091
            251         12.921      0.0025781         0.4036        0.66612         1.0728
            252         11.683      0.0028656        0.63513         1.1508         1.4168
            268         4.1009      0.0026562        0.35441        0.52431        0.99919
            273         2.4124      0.0027966        0.15212        0.11324        0.77223
            275          6.029      0.0025643        0.59177         1.0208          1.318
            277         7.3226      0.0023167        0.67873         1.2357         1.4912
            279         5.5368      0.0020934        0.42814        0.78894         1.1621
            294         5.6396      0.0023514        0.23186         0.2896        0.86556
            296         4.2578      0.0021064        0.35795        0.57583         1.0395
            297         4.7219      0.0021077         0.4447        0.80469         1.1778
            300           0.86      0.0002112         0.9999           12.0         15.967
            307         9.1346      0.0020886        0.64047         1.1825         1.4481
            309         13.295      0.0021248        0.52982        0.98683         1.2939
            312         4.2851      0.0023626        0.37919        0.60417         1.0432
            313         6.4964      0.0020705         0.6492          1.223         1.4886
            314         8.5841      0.0024074        0.56514         1.0319         1.3225
            315         4.0477      0.0020598         0.4865        0.85817         1.2164
            332         8.8954      0.0023272        0.62467         1.1183         1.3933
            333         4.1241      0.0023746        0.33937        0.51129        0.98568
            337         7.6705      0.0021425        0.64238         1.2105         1.4733
            338         8.6682      0.0022156         0.6132         1.1234         1.4032
            343         3.3216      0.0026723        0.17298        0.18584        0.81334
            346         5.8323       0.002791        0.50462        0.77182          1.138
            348         3.7754      0.0023166        0.51282        0.85525         1.2141
            349         11.968      0.0020949        0.49752        0.90397         1.2342
            350         4.4391      0.0024037        0.51973        0.87923         1.2254
            356         7.0282      0.0020785        0.59673         1.1244         1.4063
            370         5.1461       0.002425        0.31814        0.44465        0.95175
            372         4.1751      0.0020682        0.35628        0.56768         1.0384
            373         3.3883      0.0028437        0.18559        0.16172        0.79657
            386         10.176      0.0022992         0.5437        0.97094         1.2745
            391         0.8608     0.00031126        0.99894         7.8868         10.952
            393         4.8961       0.002843         0.2076        0.21672        0.82605
            395        0.87898     0.00045319        0.99942         9.0516         11.181
            397        0.88817     0.00043585        0.99962         9.5633         11.878
            411         5.0564      0.0020331        0.44003        0.79514         1.1767
            415          2.923      0.0025707        0.20142        0.19686        0.81976
            425         0.9379     0.00043845        0.99922         8.9379         11.143
            430         4.8406      0.0024027        0.30516        0.43828        0.94955
            438           6.53      0.0024787        0.55139        0.94921         1.2695
            446         4.6154      0.0023421        0.19453        0.23774        0.84151
            447         7.2381      0.0023491        0.27283        0.37567        0.90382
            455         13.708      0.0023031        0.58278         1.0502         1.3352
            467         2.5357       0.002949        0.20655        0.19191        0.81667
            468         0.8866     0.00043401        0.99956         9.4369          11.49
            470         2.2901      0.0028049        0.16135        0.13426        0.79138
            477         8.0925      0.0021267        0.61334         1.1341         1.4102
            478         3.4006      0.0025986        0.18716        0.17963        0.81082
            486          11.48      0.0025516        0.57931         1.0168         1.3083
            488         5.3228      0.0027294        0.13197        0.10766        0.77205
            499         2.2497      0.0023981        0.27895        0.31633        0.88634
            503         3.4445      0.0027079         0.2538        0.30859        0.88452
            516        0.86038     0.00054009        0.99972         10.279         11.967
            517         3.9073      0.0024093         0.2506        0.33284        0.89644
            523          10.04      0.0025704        0.62267         1.1103         1.3858
            525           0.86     0.00052151         0.9999         10.465         12.121
            526         11.135      0.0022976        0.59215         1.0798         1.3615
            536         7.6012      0.0025348        0.20599        0.23018        0.83339
            537         8.4841      0.0023363        0.33389         0.5241        0.99572
            538         7.3171       0.002334        0.47956        0.84492         1.1886
            547         3.7805      0.0023914        0.24616        0.29966        0.87599
            549         4.0018      0.0026324        0.37437        0.55509         1.0245
            551         3.9086      0.0022856        0.24906        0.33057         0.8963
            552         8.4895       0.002211        0.27874        0.44827        0.95472
            553         5.7229      0.0024063        0.53212        0.91331         1.2408
            558         2.5575      0.0023656        0.25506        0.31772        0.89259
            562         6.7781      0.0021303        0.31275        0.52542         1.0005
            563         3.9034      0.0025381        0.29815        0.42659        0.94405
            566           0.86     0.00057331         0.9999         10.625          12.27
            568         7.7232      0.0020019        0.31092        0.54393         1.0187
            572           0.86      0.0005798         0.9999         11.178         12.328
            573           0.86     0.00060277         0.9999         11.848         12.711
            576         5.5511      0.0027326        0.15564        0.13137        0.77775
            579           0.86     0.00053217         0.9999         10.863         12.322
            584         2.0587      0.0028344        0.27166        0.27753        0.86224
            588         12.924      0.0021391        0.38857         0.7052         1.0977
            596         8.5926      0.0027156      -0.043966            0.0        0.75217
            608           0.86     0.00056273         0.9999         11.448         12.589
            614         12.075       0.002383        0.61123         1.1171         1.3878
            617           0.86      0.0005631         0.9999          11.34         12.541
            620         2.5432      0.0026236        0.25498        0.29326        0.87285
            621           0.86     0.00064094         0.9999         11.713         12.633
            623         3.2461      0.0022332        0.31525        0.44962        0.96803
            627           0.86     0.00059172         0.9999         11.294         12.438
            630         3.9909      0.0027837        0.34956        0.47759        0.97335
            632         9.2267      0.0022689         0.3871        0.64246         1.0695
            640           0.86     0.00071692         0.9999           11.4         12.555