      trial_id   learning_rate posterior_div_weight     validklp       validnll
             34      0.0043304          0.678        0.66283         2.5422
             44      0.0039596        0.95116         1.2055         2.9308
             61       0.003726        0.63903         0.7142         2.5703
             81        0.00456        0.67016        0.64872         2.5264
             82      0.0016558        0.99703         2.8355         4.5459
             85      0.0016221        0.99504         2.2376         4.0921
             87      0.0020763        0.99299         2.2286         3.9278
             90      0.0022304        0.97155         1.5336          3.374
             96      0.0018416        0.99194         1.8703         3.7062
            102      0.0018682        0.98967         2.0051         3.7931
            108      0.0012931        0.99598         2.5707         4.4574
            115      0.0017728        0.97288         1.6711         3.4994
            141      0.0084443        0.56578        0.44389         2.4415
            146      0.0040584        0.70102        0.68519         2.5495
            151      0.0038912        0.66871         0.7388         2.5747
            159      0.0040964        0.56659        0.53321         2.4757
            172       0.003351        0.94922         1.4236         3.1562
            178     0.00025005         0.9999           12.0         16.631
            179      0.0022107        0.98218         1.7618         3.5608
            185      0.0037143        0.47425        0.48558         2.4595
            188      0.0013997        0.99736         4.3062         5.7956
            192     0.00029544        0.99932         7.2254         11.548
            198       0.004085        0.53474        0.54998          2.484
            204      0.0041211        0.55859        0.56587         2.4905
            226      0.0035175        0.62247        0.70567         2.5683
            229      0.0037744        0.57284        0.59598         2.5149
            237      0.0041016        0.35672        0.35752         2.4015
            264       0.003826        0.70111        0.70285         2.5578
            266      0.0035095        0.76723        0.88338         2.6629
            279      0.0045363        0.63918        0.59651         2.5162
            280      0.0045322        0.31157        0.29186         2.3791
            291      0.0038994        0.56537         0.5861         2.4957
            292     0.00095933         0.9999         11.399         13.418
            293     0.00081872         0.9999         10.789          13.14
            297      0.0041847        0.62887        0.66138         2.5407
            299       0.003822        0.59413        0.62323         2.5216
            300      0.0046174          0.307        0.30851         2.3836
            304      0.0043242        0.63511        0.61618          2.519
            322      0.0045841        0.73079        0.78703         2.5999
            331     0.00091519         0.9999          11.19         13.303
            340     0.00080616         0.9999         10.869         13.193
            342      0.0036895        0.62128          0.642         2.5236
            346      0.0047099        0.31896        0.32269         2.3883
            351     0.00080826         0.9999         10.852         13.164
            357      0.0042637        0.50428         0.4908         2.4637
            361     0.00081317         0.9999         10.778         13.112
            367     0.00073307         0.9999         10.472         12.917
            385      0.0041513        0.81066         1.0118         2.7382
            392      0.0012384        0.99569         3.5289         5.2024
            395      0.0033736        0.72352        0.89665         2.6703
            405      0.0031435        0.73921        0.95547         2.7116
            415      0.0023591        0.93821         1.2901         3.1384
            421       0.003903          0.741        0.82242         2.6252
            444      0.0050618        0.38726        0.37573         2.4191
            447       0.003852        0.73534        0.81577         2.6206
            456      0.0036427         0.6667        0.76117         2.5921
            466      0.0043601        0.12593        0.11478         2.3101
            467      0.0038624        0.67476        0.75086         2.5777
            468      0.0035045        0.73074        0.90609         2.6795
            469      0.0038513        0.71532        0.80833         2.6115
            514      0.0039341        0.75289        0.93294         2.6838
            522      0.0040254        0.71354        0.79347         2.6022
            527      0.0045105        0.39724        0.40345         2.4267
            531      0.0009664         0.9999         11.324         13.394
            533      0.0045209        0.72205        0.69341         2.5576
            537      0.0036579        0.73629        0.90331         2.6784
            540      0.0039202        0.58858        0.59087         2.5043
            544      0.0040833         0.7426        0.82763         2.6298
            545       0.003345        0.74563        0.94115         2.6985
            546      0.0046874        0.55326        0.54253         2.4796
            547     0.00097726         0.9999         11.301         13.305
            559       0.004778         0.2147        0.16271         2.3325
            562      0.0045994        0.41015        0.36686         2.4059
            564      0.0044043        0.42471         0.4249         2.4309
            571     0.00083995         0.9999         11.053         13.264
            580     0.00081394         0.9999         10.641         13.039
            587      0.0050309        0.20742        0.14761         2.3283
            591      0.0041815        0.21279        0.25734         2.3756
            595       0.002604        0.78958         1.0865         2.8287
            598      0.0046054        0.22011          0.208         2.3473
            601      0.0055048        0.26843        0.23085         2.3655
            604      0.0047047        0.21302        0.18282         2.3404
            610     0.00083047         0.9999         10.951         13.231
            623      0.0039118        0.72099        0.86357         2.6511
            634      0.0035264        0.76527        0.96548          2.717
            635      0.0049628        0.59087        0.50818         2.4757
            637      0.0038405         0.7179        0.70556         2.5661
            640       0.003613        0.77204        0.97289         2.7181
            647       0.003821        0.70001        0.78271         2.5961
            649       0.004671        0.51462        0.47253         2.4458
            650      0.0037605        0.74836        0.93371         2.6874
            654      0.0040653         0.7717        0.87307         2.6541
            655      0.0045625        0.13153        0.12955         2.3172
            657     0.00067169        0.99979         9.9933         12.616
            668      0.0042761        0.16039        0.11973         2.3145
            669      0.0038342        0.70842        0.79487         2.6049
            673      0.0038701        0.74337        0.81588         2.6221
            674      0.0048647        0.54505        0.49379         2.4664
            675      0.0042339        0.20329        0.24371         2.3717
            681      0.0034367        0.73856        0.86115         2.6492
            697      0.0041943        0.64326        0.57057         2.4954
            699      0.0045556        0.34365        0.33008         2.3944
            711      0.0048117        0.15307        0.13133         2.3202
            722      0.0041605        0.72314        0.85935         2.6394
            723      0.0036646        0.72511        0.89471         2.6638
            724      0.0040106        0.75389        0.84576         2.6352
            729      0.0042119        0.19647        0.21522         2.3575
            741      0.0031744        0.74398        0.94408          2.711