      trial_id       alpha_dup   learning_rate posterior_div_weight     validklp       validnll
             13         9.7966      0.0022391        0.86857         2.5535         3.3878
             15         10.034      0.0058352        0.65524         1.2658         2.5155
             20         2.1022      0.0063435        0.49035        0.71777         2.2816
             24         11.024      0.0070343        0.89339          2.386         3.1845
             31         3.6555      0.0071996        0.17077        0.31904         2.1338
             36         1.0776      0.0054933       0.067843         0.1313          2.103
             53         8.4718      0.0048024        0.23132        0.46762         2.2051
             71         3.6751      0.0018128        0.97209          3.785         4.6085
             77         6.9471      0.0010456        0.94429         3.2916          4.313
             81         8.0769      0.0056651       0.046702         0.1232         2.0885
             84         8.5791      0.0025559        0.82115         2.1889         3.1214
             88         11.564      0.0019387        0.86923         2.5878         3.4308
             89         1.5743      0.0094736        0.51902        0.56613         2.2233
             91          1.639      0.0039824        0.55409        0.94235         2.4218
             94          4.791      0.0047529        0.75364         1.6209         2.7156
             99         12.366      0.0074343        0.93941         3.0009         3.7583
            100         9.4285      0.0053576        0.92606         2.7651         3.4933
            108         15.364      0.0058013        0.68696         1.4495         2.6059
            109         8.5543      0.0069562         0.7833         1.6949         2.7726
            110         14.944      0.0061285        0.39411        0.75043         2.3057
            118         3.1855        0.00628        0.96415         3.0634         3.8415
            136          1.241      0.0081062        0.36688        0.34804         2.1827
            137         6.9278      0.0054184         0.2606        0.51298         2.2154
            140         15.998      0.0006867        0.96912         3.8609         5.0514
            147        0.99066      0.0041751       0.076205        0.14435         2.1165
            151         4.2713      0.0011884        0.98415         4.8134         6.0751
            153          6.314      0.0022374        0.99035            5.0         6.0868
            157         7.4051      0.0049935        0.91033         2.5247         3.3195
            158         11.093       0.008631        0.82946         1.8579         2.8444
            159         13.424      0.0058785        0.81678           1.89         2.8588
            160         12.965      0.0020982        0.80617         2.1992         3.1747
            162         12.899      0.0044276        0.51057         1.0686         2.4385
            166         12.786      0.0065225        0.85554         2.0329         2.9826
            171         11.302      0.0068272         0.4611        0.93557         2.3089
            172         11.141      0.0052393        0.69827         1.4831         2.6283
            174         11.324      0.0056165        0.65048         1.3406         2.5498
            177         4.6704      0.0065977        0.44382        0.74572         2.2839
            185         6.1716      0.0035549         0.8267         2.0076         2.9733
            187         3.1833      0.0054117        0.37118        0.62476         2.2707
            197         1.8809      0.0093197       -0.04553            0.0         2.0687
