      trialid   learning_rate posterior_div_weight     validklp       validnll
             24      0.0064138       0.074026     1.8271e-05          2.013
             29      0.0053177        0.61614        0.18738         2.0309
             30      0.0055679        0.77211        0.37212          2.107
             31      0.0026407        0.93644         2.3232         3.3969
             60      0.0058073        0.20772     1.6506e-05         2.0099
             70      0.0079766        0.44303      2.909e-05          2.016
             83           0.01         0.9979         5.7454         8.3979
             88     0.00025664        0.99881         6.3523         10.605
             95      0.0028612        0.88131         1.2908         2.6873
            114      0.0099368        0.62825     3.6482e-05         2.0285
            127           0.01        0.99815         6.1356         8.8007
            132           0.01        0.99774         5.5919         8.2425
            143      0.0029075        0.99961           12.0         13.312
            146      0.0041013        0.96951         2.8621         3.9098
            147      0.0038825        0.94204         1.8439         3.0805
            151      0.0039768         0.9781         3.3068          4.294
            157      0.0053728        0.98939         4.2403         5.1465
            161           0.01        0.94757         0.8717         2.4276
            162           0.01        0.94238         1.0495           2.54
            163           0.01        0.89579        0.41177         2.1488
            164      0.0099782        0.95932         1.3129         2.7436
            165           0.01        0.95121         1.0763         2.5693
            167      0.0099385        0.94982         1.0998         2.5969
            170      0.0093775        0.94556         1.0748         2.5539
            171      0.0099912        0.91635        0.44743         2.1663
            179       0.003072        0.98525          4.225         5.0905
            182           0.01        0.92536        0.64652         2.2848
            187     0.00043206        0.99945         8.2417         11.571
            192       0.007758          -0.05            0.0         1.9607
            197      0.0062701        0.68969        0.33887         2.1041
            200      0.0038521        0.98939          4.612         5.6275
            206      0.0034708        0.96731         2.7367         3.7206
            209      0.0043849        0.97868           3.46         4.4618
            212      0.0035093        0.98137         3.6858           4.52
            214      0.0042917        0.97179         2.7914         3.8066
            215      0.0038272        0.97298         3.2806         4.2885
            216      0.0039249        0.97694         2.9236         4.1034
            221      0.0098407        0.96514         1.5853         2.8992
            222           0.01        0.96652         1.5928         2.9024
            223           0.01        0.96514         1.3837         2.7642
            224      0.0055262        0.82159        0.57966         2.1946
            226      0.0099395        0.96386         1.5643         2.8832
            230           0.01        0.96554         1.9524         3.1773
            231      0.0098274        0.96776         1.7921          3.053
            241      0.0036648        0.98435         4.0858         4.9277
            243      0.0097288        0.89722        0.60167         2.2428
            244      0.0097345         0.8716        0.39736          2.124
            255      0.0062784        0.67869        0.32999         2.0838
            268           0.01        0.96803         1.8403         3.0594
            269           0.01        0.96371         1.7699         3.0329
            287      0.0059212        0.77217        0.52829         2.1938
            291           0.01        0.97034         2.0575         3.2197
            297           0.01        0.97624         2.1227         3.2977
            298           0.01        0.96904         2.3829         3.4455
            300           0.01        0.98212         2.9491         4.2376
            301           0.01         0.9706         1.8716         3.0932
            305           0.01        0.83454        0.20531          2.053
            319      0.0030201        0.86897         1.2705          2.676
            337           0.01        0.97089         1.1464          2.665
            363           0.01        0.97354         2.2524         3.3899
            368      0.0034604        0.89839         1.5009         2.8016
            379      0.0027205        0.88628         1.2978         2.7155
            385           0.01        0.45709     3.5007e-05         2.0235
            387      0.0033639        0.90208         1.5575          2.806