      trialid   learning_rate posterior_div_weight     validklp       validnll
             11      0.0038245        0.83507         1.2287         3.2279
             24      0.0071652        0.98109         4.1387         5.6567
             30      0.0031295        0.54898        0.31914         2.8583
             52       0.002584        0.98069         4.9824         6.3026
             58      0.0043041        0.59641        0.35741          2.867
             67      0.0033713        0.81677           1.13         3.1822
             87      0.0034935        0.98109          4.904         6.1436
             88      0.0053225        0.96911         3.7672         5.2021
            113       0.002619        0.88622         1.9287         3.6579
            120      0.0046017        0.60841        0.26886         2.8418
            125      0.0021396        0.88589           1.99         3.7219
            132      0.0034151        0.91059         2.1648         3.7823
            133      0.0033212        0.94556         2.9914         4.3526
            137      0.0021957        0.95341         3.3106          4.633
            164      0.0043583        0.71309        0.49518         2.9137
            172       0.003447        0.67294        0.47926         2.9076
            173      0.0034456        0.30215     9.0792e-05         2.7411
            187      0.0026966          0.928          2.679         4.1372
            189      0.0034491        0.94206         2.9093         4.3063
            200      0.0043678        0.41663     0.00012757         2.7596
            201      0.0036871        0.91844         2.0872         3.7464
            204        0.00285        0.92665         2.4752          4.019
            208      0.0031695        0.93164         2.6081         4.0675
            211      0.0033124        0.93518         2.6317         4.1161
            217      0.0040763        0.54837        0.20721         2.8238
            219      0.0044089        0.93866          2.434         4.0012
            223        0.00423        0.70156        0.54148         2.9323
            227      0.0033173        0.76945        0.91093         3.0776
            235      0.0029308        0.75386        0.81834         3.0567
            263      0.0041181        0.41423     0.00011253         2.7463
            266      0.0032777        0.94346         3.1733         4.4745
            272      0.0033787        0.87638         1.7022         3.4916
            285      0.0051213        0.88956         1.4471         3.4192
            288      0.0039354        0.87941         1.5758         3.4395
            294      0.0031424        0.65069        0.46249         2.9015
            295      0.0025517        0.86178         1.6456         3.4867
            297      0.0042889         0.1408     0.00012203         2.7544
            299      0.0035133        0.94889         3.1434         4.4368
            300      0.0040299        0.86813         1.3548         3.3211
            301      0.0025453        0.97725          4.625         5.9587
            318      0.0033395        0.47588       0.083374         2.7675
            326      0.0029574         0.8654          1.602         3.4456
            336      0.0038222        0.64616        0.37867         2.8692
            340      0.0035805        0.47916        0.14286         2.7952
            342      0.0028807        0.92829          2.387         3.9607
            345      0.0030124          0.933         2.5741         4.0588
            346      0.0027555        0.97858         4.7305         6.0887
            351      0.0036752        0.61211        0.41305         2.8789
            357      0.0045156        0.98345            5.0         6.3225
            359      0.0039803        0.33772     0.00010739         2.7445