      trialid       alphadup   learningrate posteriordivweight     validklp       validnll
             31         2.2094      0.0068572        0.65063        0.18639         2.0095
             69        0.93937      0.0004228        0.99897         8.2111          10.73
             72         2.1771      0.0040941        0.91555         1.2385         2.6186
             90           0.86           0.01        0.88472        0.22275         2.0499
             91         1.0868           0.01        0.99703          5.343         7.9769
             93           0.86        0.00977        0.99517         4.3415          6.975
             96           0.86      0.0088186        0.99925           12.0         13.066
            125         11.608      0.0059553        0.98756         4.0221         5.0014
            144        0.90843       0.009974        0.87558         0.3919         2.1473
            153         5.9923     0.00064885        0.99936         9.7519         11.767
            158          15.85     0.00060952         0.9999         9.8887         13.038
            159         3.3042      0.0097864        0.97898         2.3581         3.4749
            164         7.7283      0.0041828        0.87374        0.60765         2.2525
            165         9.6125      0.0034104        0.86211        0.95199         2.4738
            170         1.1847      0.0051533        0.89412        0.82068         2.3599
            171        0.97194      0.0099774         0.9852         3.5192         4.7435
            172         1.0037      0.0089759        0.98815         3.7361         4.9191
            173         1.9741      0.0058341        0.92306         1.4306         2.6921
            175         3.0533      0.0026592        0.88282         1.4341         2.7875
            177         3.5912      0.0026281        0.87672         1.4569         2.8114
            183        0.94641      0.0039568        0.89837          1.342         2.6715
            185         2.1311      0.0059854        0.67103        0.31604         2.0736
            190           16.0           0.01        0.97876         2.3665         3.4969
            191        0.90226      0.0049012        0.90783          1.192         2.5649
            196         6.3269     0.00045619         0.9993         8.7786         11.224
            223         7.8929      0.0047475        0.94447         1.8752         3.0401
            227         15.375      0.0004405        0.99878         5.3507         9.0157
            230         6.9864      0.0056051        0.95242         1.8711         3.0376
            236        0.88008      0.0094121         0.9599         1.5524         2.8474
            237         1.3918      0.0010511         0.9474         2.6236         3.8654
            242         0.8663      0.0022168        0.92819         2.0776         3.2539
            258        0.89772           0.01        0.86279         0.3885         2.1462
            264         3.6073           0.01        0.96166         1.6113          2.875
            269         7.2187      0.0099009        0.96078         1.9513         3.1258
            289         6.2621       0.006494         0.9677         2.1512         3.4196
            302        0.86633           0.01        0.97016         2.0593          3.226
            303           16.0      0.0022651        0.95187          2.418         3.5012
            308         11.846      0.0016721         0.9659         3.0087          4.075
            311         0.8843       0.004283        0.82492        0.57706         2.2343
            315          7.642      0.0013226        0.94273         2.5906         3.7306
            316         14.785      0.0050783          -0.05            0.0         1.9519
            321         13.757           0.01        0.79654        0.19489         2.0439
            322        0.95794      0.0098035        0.96687         2.0248         3.1796
            325         1.8934     0.00092599        0.95393         2.6326          3.967
            331        0.91439           0.01        0.89665        0.39906         2.2089
            333         3.1736      0.0099777        0.96911         1.8571         2.9973
            334         11.737      0.0095414        0.95948         1.5114         2.8421
            348         1.0039      0.0069841        0.34956     2.4855e-05         2.0067
            349          6.961           0.01        0.88874        0.39762         2.1478
            366          2.449      0.0056774        0.73794        0.36441         2.1047
            374        0.87771      0.0060582        0.82429        0.38463         2.1303
            386          15.03           0.01        0.79436        0.19488         2.0412
            392         2.6068     0.00067334        0.97252         3.1681         4.6677
            399         6.0377           0.01        0.91629         0.6175         2.2851
            402         15.928      0.0021543        0.95912         2.5892          3.645