      trialid   learning_rate posterior_div_weight     validklp       validnll
              4       0.002934        0.71134          1.172         2.7841
              9      0.0068906        0.93545         2.2013         3.4965
             11      0.0061474      -0.036655            0.0          2.306
             23      0.0084568         0.9999          11.37         12.163
             29      0.0024819        0.98031          4.115         5.3575
             46      0.0047277        0.57005        0.49218         2.4522
             49      0.0044504        0.24323        0.21482         2.3459
             56      0.0054707        0.82649          1.262         2.8253
             59      0.0043938        0.22772        0.18227         2.3368
             79      0.0088022        0.78228        0.82252         2.7017
             84      0.0025542        0.76193         1.3626         2.9296
             99      0.0062193        0.38611         0.2414         2.3547
            105      0.0060104        0.45241        0.32995         2.3914
            110      0.0084829        0.91578          1.746         3.2709
            118      0.0099622        0.99966         10.395          11.17
            119      0.0061966        0.91142         2.0775         3.4066
            121           0.01        0.99874         5.1574         8.6798
            132      0.0022731        0.96919         3.8774         4.8267
            133      0.0017498         0.9418         3.0862         4.2534
            135      0.0037608        0.54825        0.58004         2.4931
            138      0.0054848        0.50916        0.36577         2.4025
            139      0.0063747       0.057441         0.0916         2.3072
            145      0.0081492         0.9999          11.34         12.133
            157      0.0035209       0.084282        0.11161         2.3229
            158      0.0051731        0.35305        0.29774         2.3627
            165        0.00323        0.81343         1.4747         2.9473
            171      0.0024461        0.65591        0.94349         2.7291
            176      0.0043668        0.49779        0.45644         2.4345
            182      0.0085464        0.99983         11.189         11.976
            185      0.0064614         0.9999         11.459         12.209
            187       0.002601         0.9496         2.9921          4.097
            190      0.0075046        0.99923         5.3976         9.0214
            201      0.0051999        0.90802         1.9586         3.2793
            205      0.0046002         0.9999         11.969         12.743
            208      0.0047166         0.9999         11.957         12.699
            211      0.0050726        0.99957         10.489         11.208
            216      0.0099348        0.94181         2.2381         3.6076
            220       0.001609        0.95458         3.3495         4.4658
            225      0.0035663        0.95932         3.0021         4.1029
            226      0.0029796        0.61542        0.79913         2.6268
            227           0.01        0.95134         2.3628         3.7375
            228      0.0052149         0.9999           12.0         12.853
            232      0.0020583        0.92578         2.6419         3.8541
            239      0.0087397         0.9999         11.449         12.199
            243      0.0088339         0.9999         11.336         12.115
            244      0.0053627         0.9999         11.857         12.584
            245       0.004832        0.98394         4.6514         5.7827
            247        0.00945         0.9999          11.22         12.082
            252      0.0057828         0.9999         11.718         12.482
            259      0.0074674         0.9999         11.718         12.391
            260      0.0098464        0.99953         9.9456         10.725
            262      0.0070941         0.9999         11.521         12.256
            264      0.0061182        0.70985        0.71037         2.5521
            270      0.0045421        0.96662         3.6792         4.6891
            275      0.0036578        0.98726         4.7828         5.9768
            278      0.0028527        0.98048         4.0238          5.269
            284      0.0071486        0.80215        0.93894         2.7153
            286      0.0071575         0.9999         11.591         12.276
            291       0.005721        0.88061          1.598         3.0485
            294      0.0047323        0.86137         1.6667         3.0612
            296      0.0037343        0.48263        0.46624         2.4512
            300      0.0048916        0.47807        0.38311           2.41
            303      0.0071694        0.77748        0.76653         2.6247
            306      0.0089758         0.9999         11.243         12.101
            309      0.0046771        0.62053        0.60209         2.4967
            310      0.0048413        0.90958         2.0997         3.4162
            311      0.0071279        0.90489         1.6931           3.15
            312      0.0045512        0.91668         2.1838         3.4626