      trialid   learning_rate posterior_div_weight     validklp       validnll
             21      0.0041449        0.72981        0.64262         2.5442
             59         0.0001         0.9999         5.9014         10.974
             66      0.0043959         0.9979         1.7769         3.5071
             71      0.0045075         0.6831        0.55602         2.5057
             72      0.0036315        0.75993        0.69568         2.5791
             94      0.0049798        0.84021        0.77776         2.6281
            109      0.0016293         0.9999          3.292         5.0324
            118      0.0038351        0.93267        0.90319         2.7004
            119      0.0069174        0.95118         0.9017         2.6485
            129      0.0035721        0.98737         1.4264         3.1033
            138      0.0042736        0.49342        0.18982         2.3704
            158       0.004849        0.72382        0.61025         2.5315
            162      0.0045785        0.76727        0.69556         2.5788
            165      0.0050965        0.81342        0.74654         2.6043
            179      0.0050274        0.68785        0.55212         2.4971
            183       0.006618        0.98109         1.0318         2.7861
            186      0.0049114         0.9999         2.3221         4.0758
            204      0.0081105        0.98844         1.1114         2.8456
            207      0.0045811        0.98323         1.1015         2.8237
            213      0.0050689        0.77761         0.6661         2.5558
            221      0.0016165         0.9999         3.5945         5.6958
            225      0.0036019         0.9999         2.9359         4.5079
            229      0.0046024        0.96963        0.97503         2.7757
            232      0.0055711        0.48123        0.17539         2.3019
            234      0.0074201        0.63001        0.38444         2.3712
            236      0.0034229         0.9999          2.563         4.2265
            239      0.0071985        0.97316        0.96626         2.7293
            240      0.0048323        0.51155        0.18506         2.3673
            264       0.003673        0.99988         3.0001         4.5168
            272      0.0033863        0.99952         2.1559         3.8235
            278      0.0032731        0.99983         2.5951         4.2785
            281       0.004083         0.9999         2.6191         4.2846
            288      0.0032587         0.9999         3.1376         4.6593
            296      0.0031006         0.9999         2.2381         4.0446
            297      0.0039554         0.9999         2.3997          4.088
            299      0.0049278        0.70545        0.59053         2.5253
            301      0.0068582        0.68194        0.52917         2.4343
            302      0.0034573        0.99934          2.196         3.8447
            304      0.0031535         0.9999          2.694         4.3458
            306      0.0033587         0.9999         2.8298         4.4275
            309      0.0034974        0.95107        0.96937         2.7436
            312       0.003134        0.74965        0.70656         2.6014