      trialid   learning_rate posterior_div_weight     validklp       validnll
            108      0.0029586        0.99253         1.7423         3.5304
            112      0.0067152        0.98324         1.3602         3.1081
            148      0.0019198        0.99961         2.8445         4.7069
            159      0.0036145        0.95999         1.2278         3.0153
            183       0.004561        0.28318        0.42834         2.4378
            184      0.0067485        0.94886          1.051         2.8459
            189      0.0029231         0.9999         2.5913         4.4027
            190       0.005956        0.99703         1.7219          3.488
            219      0.0065629        0.90025        0.74628         2.6029
            225      0.0042704        0.97991         1.2868         3.0938
            241      0.0043942        0.27844        0.41802         2.4204
            263      0.0030865         0.9999         2.3384         4.1102
            272      0.0032218        0.58238        0.70173         2.5837
            274      0.0037264         0.9999         2.5418         4.2839
            276      0.0044044      0.0040156        0.11382          2.301
            284      0.0025833        0.98924         1.5292         3.3879
            287      0.0030255         0.9999         1.9733         3.8025
            290      0.0034158        0.93295           1.06         2.8909
            304      0.0031127        0.92344         1.0669         2.9005
            308      0.0028017         0.9999         2.6028         4.4529
            312      0.0042348        0.95592         1.1996         2.9719
            319      0.0063951        0.95652        0.98648         2.7998
            322      0.0030628         0.9999         1.9862          3.803
            326      0.0043557        0.43943         0.5969         2.4996
            342      0.0028749         0.9999         2.6355         4.4948
            344      0.0044824        0.53801        0.64076         2.5175
            363         0.0043        0.37701        0.50795         2.4638
            365      0.0053014         0.9999         2.4832         4.2433
            369      0.0038739         0.9999          2.429         4.1626
            371      0.0049746        0.99311         1.2514         3.0697
            377      0.0048512         0.9972         1.7926         3.5568
            378      0.0036207        0.71396        0.75212         2.6146
            390      0.0068932        0.98615          1.526         3.2748
            392      0.0064876        0.92392        0.77161         2.6411
            395      0.0046471         0.9999         2.5215         4.2492
            400      0.0044437        0.52779        0.64488         2.5188
            409       0.003508        0.55788        0.69034         2.5583
            430      0.0045695         0.9999         1.9949         3.8143
            439      0.0033847        0.61964        0.72522          2.584
            442         0.0046         0.9999         2.1517         3.9208
            443      0.0031645         0.5605        0.69744         2.5698
            448      0.0041215        0.99547         1.6686         3.4008
            449      0.0040755        0.25053        0.42335         2.4217
            454       0.004189        0.12023        0.21686         2.3445
            470      0.0058553         0.9999          2.226          3.992
            484      0.0047783        0.27381        0.43759         2.4393
            486      0.0043414        0.52782        0.62249         2.5039
            487      0.0055642         0.9999         2.2198         3.9902
            488      0.0036213        0.63175        0.73374         2.5887
            496      0.0047488        0.16652        0.23806         2.3526
            497       0.005363        0.99945         2.2715         3.9952
            498      0.0056258        0.99708         1.9345           3.66
            502      0.0055877         0.9999         2.1007         3.8384
            512      0.0043266         0.3955        0.55465         2.4758
            513      0.0043859        0.36758        0.52873         2.4713
            514      0.0035662        0.88072          0.965         2.7867
            532      0.0044855        0.62093        0.68123         2.5538
            540      0.0042079        0.89854        0.93657         2.7612
            556      0.0039735        0.89217        0.85208          2.713
            558      0.0043349        0.08867        0.20162         2.3409
            559       0.006122        0.99801         1.7386         3.5121
            566      0.0044996        0.12888         0.2254         2.3484
            571      0.0037801         0.1291        0.26864         2.3751
            577      0.0040162        0.12736        0.25946         2.3711
            578      0.0041556        0.12882        0.26742         2.3712
            586      0.0039907        0.33151        0.49587         2.4467
            588      0.0060008         0.9999         1.9709         3.7137
            589      0.0042852        0.12582        0.22867         2.3522
            608      0.0055407         0.9999         2.1926         3.9471
            616       0.005103        0.46279        0.56775         2.4942
            619       0.003827        0.57365         0.6747         2.5464
            625      0.0040842         0.3404        0.51783          2.465
            639      0.0060473         0.9999         2.1954         3.9592
            641      0.0037622        0.88686        0.94367         2.7619
            647      0.0047163       0.044659        0.13643         2.3345
            650      0.0039901        0.35302        0.50702         2.4537
            660      0.0044932        0.86152        0.75711         2.6367
            661      0.0043067        0.34494        0.49036          2.441
            667       0.005152        0.92521        0.79981          2.653
            677      0.0064123         0.9999         2.2074         3.9639
            688      0.0037969        0.21775         0.3789         2.4159
            692      0.0039821        0.49341        0.63682         2.5084
            696       0.005889         0.9999         1.8395         3.6282
            697      0.0040862        0.90559         1.0212         2.8177
            701       0.005665         0.9999         1.8561         3.6343
            704      0.0042984       0.036608        0.11831          2.324
            707      0.0035849        0.20845        0.37731         2.4132
            709      0.0037452        0.21138         0.3718         2.4053
            726      0.0031212        0.82729        0.94762         2.7781
            736      0.0043648        0.97831         1.4427         3.1955
            737      0.0041832       0.024139        0.11731         2.3163
            747      0.0043628       0.026192        0.11696         2.3064
            750      0.0055784        0.91039        0.84816         2.6816
            753      0.0042623        0.20797        0.35488         2.3869
            759      0.0042093        0.15769        0.29305         2.3791
            769       0.004048        0.12882        0.25873         2.3708
            774      0.0041182        0.89114        0.93514         2.7541
            775      0.0060515        0.93629         1.0395         2.8302
            778      0.0047016        0.43049        0.56754         2.4836
            787      0.0037841        0.24763        0.40209         2.4199
            797      0.0027879        0.89449         1.1251         2.9307
            801      0.0039264        0.83116        0.76307         2.6387
            808      0.0040697        0.55193        0.65266         2.5312
            811      0.0048127        0.88758        0.91716         2.7169
            813      0.0041268         0.2608         0.4237         2.4311
            814       0.003413        0.77596        0.81019         2.6714
            816      0.0028682        0.91226         1.1545         2.9577
            830      0.0041697        0.12487         0.2408         2.3542
            833      0.0042666       0.039903        0.13371         2.3267
            837      0.0062464        0.93316         1.0259         2.8207
            844      0.0030997        0.90153            1.1         2.9044
            845      0.0041158        0.55632        0.66849         2.5339
            848      0.0041836         0.2532        0.39094         2.4168
            854      0.0047821        0.47219        0.59507         2.4946
            856      0.0055088         0.9999         2.4761         4.1753
            864      0.0043926        0.26446        0.41874         2.4205
            869      0.0042902        0.16987        0.32375         2.3793