      trialid   learning_rate posterior_div_weight     validklp       validnll
              3      0.0030128        0.72637        0.71843        0.98844
             15      0.0035111        0.48466        0.36595        0.78058
             24     0.00051454         0.9999         3.8314          8.924
             26      0.0029741        0.96232         1.4366         1.6418
             31      0.0071448         0.9999         2.5285          3.016
             37      0.0017286        0.84411          1.144         1.3676
             43     0.00080715        0.87452         1.6203           2.17
             50      0.0034082        0.60706        0.51434        0.86646
             65      0.0029099          -0.05            0.0        0.59366
             67      0.0039807        0.98436         1.5659         1.9055
             74      0.0036895        0.32903        0.21583        0.68309
             82     0.00054877         0.9999         3.4327         8.4797
             83     0.00068728         0.9999         3.6274         8.4983
             85      0.0031584         0.9376         1.1856         1.3869
             86      0.0016766        0.81866         1.0381         1.3004
             89      0.0027643        0.52254         0.4728        0.84113
             91      0.0027567        0.35234         0.2645        0.71043
             92      0.0025341         0.3816        0.28646        0.72782
            101     0.00018972        0.97983         3.0412         5.5375
            129      0.0039174        0.85917        0.98172         1.2233
            132       0.003215        0.55543        0.49291        0.85225
            133      0.0022946        0.64328         0.6042          0.939
            135      0.0025325        0.39088        0.29015        0.73187
            136       0.002223        0.69127        0.76961         1.0437
            139      0.0029443        0.83138        0.85506           1.11
            141      0.0035478        0.30719        0.21974        0.68443
            142      0.0030106        0.47747        0.41598        0.79483
            145      0.0029608        0.99942         2.8311          3.269
            148      0.0024254        0.98548         2.0107         2.2303
            159      0.0026312        0.52649         0.4965        0.85565
            161      0.0023975        0.54236        0.51938        0.87725
            162      0.0029388        0.99534         2.0551         2.3219
            164      0.0023282        0.94523         1.3671         1.5257
            167       0.002396        0.65602        0.66627        0.97221
            168      0.0035347        0.97573         1.5222         1.7991
            174      0.0027009        0.77443        0.79757         1.0582
            176         0.0001        0.99876         6.9915         11.476
            186       0.002283        0.73881        0.83519         1.0927
            193      0.0023984         0.7353         0.7645         1.0431
            194      0.0029526        0.75552         0.7521         1.0214
            196      0.0026551        0.67666        0.62054        0.94007
            198     0.00021696         0.9999         10.964         14.799
            199     0.00031421         0.9999         10.824         14.248
            200      0.0032391        0.90863         1.1116          1.327
            201        0.00331         0.9999         2.9215         3.4011
            202     0.00020767         0.9999         11.153         15.042
            204      0.0021723        0.74689        0.86843          1.128
            205       0.002218        0.73564        0.77122         1.0495
            206       0.001886        0.68556        0.79849         1.0922
            210      0.0027038        0.58624         0.5788        0.91134
            214     0.00013967        0.99904         7.5852         11.827
            217     0.00013429        0.99938         8.5099         12.812
            225     0.00012345        0.99876          6.662         11.031
            243       0.003683        0.85907        0.99974         1.2281
            250      0.0018876        0.75917        0.97869         1.2152
            255      0.0031342        0.70594        0.69859        0.97566
            264     0.00019549         0.9999           12.0          16.03
            268     0.00014111        0.99957         9.4944         13.755
            270      0.0025353        0.38667        0.31905        0.74209
            271      0.0027659        0.63284        0.55913        0.89676
            276      0.0035226        0.14177        0.10101        0.61596
            289      0.0023407        0.36059        0.32926        0.76556
            290      0.0032836        0.24302        0.11888        0.62079
            309      0.0022992         0.8156        0.95792          1.193