      trial_id       alpha_dup   learning_rate posterior_div_weight     validklp       validnll
             25         3.3409      0.0042075        0.55159         0.9638         2.5966
             50         2.0095      0.0039182        0.16597        0.29169         2.3849
             58         8.5435      0.0056001        0.73687         1.4924         2.8577
             63           0.86      0.0013205         0.9999         11.297         12.918
             78         8.7622      0.0092852        0.84967         2.0389         3.2957
             92         3.5334      0.0044085        0.20814        0.37474         2.3988
             95         2.0891      0.0044459        0.10293        0.15309         2.3169
            101         2.2646      0.0044654        0.36989        0.56714         2.4584
            105          7.783      0.0023799        0.78058         1.9885         3.1844
            110         1.6874     0.00055969        0.99974         8.2368         11.693
            114         5.9231      0.0034139        0.74868         1.6952         2.9645
            151        0.86832      0.0011888        0.99988         10.538         12.447
            169         11.837      0.0047425        0.44064         0.8279          2.538
            172         6.4006      0.0045281        0.55133         1.0311         2.6205
            174        0.91002      0.0011776        0.99982          10.48         12.383
            194          5.871      0.0053789         0.4202        0.69056         2.4944
            203        0.95803     0.00025062         0.9999           12.0         16.272
            221         1.0406      0.0032061         0.9999         4.6993         9.0322
            241         5.9488      0.0043907        0.64444         1.2281          2.701
            254         5.5837      0.0038091        0.81515         1.9852           3.14
            257          13.27      0.0045372        0.67111         1.3745         2.7665
            264           0.86      0.0032724         0.9999         11.967         13.346
            265         6.6153      0.0049593        0.79557          1.785         3.0188
            267         8.4897      0.0051303        0.51601        0.94208         2.5781
            268         5.8696      0.0034526         0.6852         1.4659         2.8507
            269         6.1543      0.0017121        0.89399         2.6015         3.7491
            281           0.86      0.0033169         0.9999         4.0348         8.2564
            285         8.2958      0.0045973        0.64028         1.2796         2.7294
            289           0.86      0.0012528         0.9999         10.632         12.484
            297           0.86      0.0034285         0.9999          4.297         8.4857
            315           0.86      0.0010769         0.9999         10.141         12.342
            319          10.76      0.0040389        0.56601         1.1057         2.6488
            324           0.86      0.0011284         0.9999         10.826          12.56
            337           0.86      0.0008287         0.9999         9.8466         12.185
            350         7.7909      0.0041942        0.54559         1.0349         2.6239
            363         5.3503      0.0043842        0.53151          1.011         2.6085
            370         9.2947      0.0039354        0.59439          1.236         2.7048
            382         12.795      0.0037324        0.67226         1.4383         2.8048
            384         4.9727      0.0047283        0.41869        0.75489         2.5144
            392           0.86     0.00082757         0.9999         9.8279         12.142
            400         5.7033       0.004807        0.40746        0.70179         2.4972
            401         4.3283      0.0038716        0.63765         1.2953         2.7417
            403         8.4095      0.0047436        0.64084         1.2897         2.7326
            404         9.7788      0.0025258        0.92909         3.2157         4.0412
            408         6.3863      0.0044202        0.64675         1.3147         2.7433
            409         6.7709      0.0022158        0.87005         2.4872         3.5763
            411         9.6425      0.0027603        0.83601         2.2698         3.3553
            419         9.7099      0.0025383        0.84251         2.4318         3.4489
            423         5.6983      0.0052174        0.51797        0.88217         2.5706
            426         8.7236      0.0045317        0.61375         1.1533         2.6694
            427         9.4308      0.0039458        0.58598         1.2034         2.6916
            433         9.3064      0.0029286        0.91801         3.0205         3.8919
            437         6.8303      0.0045683         0.2404          0.446         2.4197
            438         4.9308      0.0029754        0.71908         1.6323         2.9401
            455         9.6393      0.0039471        0.77865         1.8894          3.054
            460         2.5606      0.0046297          0.117        0.15588         2.3231
            461         9.5082      0.0039308        0.59893         1.2766          2.725
            477         7.4236      0.0051114        0.51466        0.91607         2.5735
            478         2.7432      0.0046099        0.12462        0.17755         2.3292
            487         6.7903       0.004826        0.12154        0.19353         2.3378
            494         8.5773      0.0045494        0.19892        0.37316         2.3869
            496         6.3385      0.0044589        0.30731         0.5571         2.4441
            513         12.197      0.0042682        0.22547        0.44032         2.4192
            520         1.0729     0.00095022         0.9999         9.9894         12.223
            525         2.5467      0.0049408       0.093758        0.11248          2.303
            526         3.3635      0.0043777        0.27903         0.4698         2.4225
            535         12.687      0.0046291        0.58471         1.1134         2.6523
            538         9.4202      0.0036856        0.60962         1.3066          2.743
            541         8.9544      0.0042913        0.43418        0.81463         2.5288
            551         12.689      0.0050967        0.36259        0.63098         2.4704
            552         6.7817      0.0044783        0.24143         0.4356         2.4045
            567         8.8075       0.004538        0.60776          1.159          2.676
            570         7.8787      0.0040258        0.49597        0.95712         2.5837
            573           0.86     0.00074491         0.9999         9.4175         12.087
            578         14.857      0.0047282        0.37327        0.63356         2.4737
            582         8.2196      0.0042465        0.57659         1.0808          2.641
            589         7.6115      0.0042446        0.58676         1.1584         2.6713
            590           0.86     0.00072849         0.9999         9.5665         12.094
            594         6.8809      0.0040127        0.57487         1.0944         2.6428
            597         8.8007      0.0038326        0.36985        0.70488         2.5033
            599         9.9412      0.0047702         0.3485         0.6276         2.4611
            600         7.3516      0.0040554        0.58052         1.2034         2.7008
            605         12.035      0.0040806        0.58287         1.1863         2.6767
            606         9.2886       0.004159        0.58506         1.1226         2.6524
            614         15.864      0.0043579         0.9747         3.4567         4.7343
            628           0.86     0.00070955         0.9999         9.1981         11.869
            633           0.86     0.00067862         0.9999         8.7865         11.826
            635         11.915      0.0043066        0.61765          1.249         2.7114
            638         5.0481      0.0045152        0.15945        0.27418         2.3559
            640         8.2751      0.0040541        0.63872         1.3402         2.7514
            645         6.2138      0.0042615         0.4679        0.87885         2.5618
            647         11.569      0.0043495        0.67227         1.4179         2.7913
            653         6.4805      0.0042851        0.52611        0.96611         2.5972
            657         5.2338      0.0045527        0.16934         0.2876         2.3664
            658         12.255      0.0042718        0.62345         1.2671         2.7149
            667         10.848      0.0049194        0.69195          1.379         2.7745
            668         9.9617      0.0041565        0.59633         1.2025         2.6905
            671          7.453      0.0048527        0.37206        0.64762         2.4795
            673         10.187      0.0046929         0.5892          1.079         2.6363
            676         7.6658      0.0043663        0.59226         1.1397         2.6585
            680         6.2157      0.0050055         0.2943        0.49372         2.4336
            681         8.3518      0.0043847        0.60231            1.2         2.6818
            686         8.1949      0.0045769         0.6031         1.1462         2.6643
            687         7.3967      0.0050351        0.40072         0.6809         2.4888
            688         7.0713      0.0046447        0.57763         1.0771         2.6242
            693         7.4741      0.0037406           0.71         1.5507         2.8727
            699         9.2118       0.004109        0.65732         1.3409         2.7591
            712         4.8819      0.0029137        0.84443         2.1008         3.3189
            714           0.86      0.0015666         0.9999          11.27         12.807
            715         10.797      0.0047099        0.43478        0.79362         2.5193
            721         10.534      0.0040867        0.61293         1.2534          2.714
            723           0.86       0.001399         0.9999         11.109         12.776
            732         7.5837      0.0048535        0.23435        0.41545         2.3993
            734           0.86      0.0018738         0.9999         3.5138         8.2427
            742           0.86      0.0017569         0.9999         3.5096         8.2268
            750         7.3249      0.0042333        0.43158         0.7837         2.5165
            751         7.7074      0.0043808        0.42656          0.796         2.5211
            755         9.5752      0.0046853        0.61085         1.2001          2.688
            756           0.86      0.0018397         0.9999         3.4908         8.2192
            758         12.851      0.0045785          0.427        0.81899         2.5305
            760         14.245      0.0037419        0.95489         3.4263         4.2363
            766         3.4387      0.0046783        0.14385        0.24018         2.3455