      trial_id   learning_rate posterior_div_weight     validklp       validnll
             35      0.0015585        0.97801         4.4521         5.2419
             44      0.0018091        0.97554         3.9068         4.7659
             56       0.006662      -0.049676            0.0         2.0455
             71      0.0094122        0.88997        0.52111         2.3037
             94      0.0090608        0.98401         3.9367         4.7707
            109      0.0050771        0.70441        0.32194         2.1891
            124      0.0074169        0.89007        0.67504         2.3744
            126      0.0059762        0.56888        0.14561         2.1402
            139      0.0088608         0.9141        0.71494         2.3769
            153      0.0031493         0.9844         4.6808         5.3534
            158      0.0081779        0.16372      5.718e-05         2.1044
            170      0.0028029        0.91779         2.1622         3.2929
            182      0.0034818        0.92235         1.9044          3.112
            186      0.0019933         0.9875         4.9445         5.9816
            208      0.0087083        0.41456     6.5046e-05         2.1143
            222      0.0059342        0.95587         2.1523         3.2646
            225      0.0064708        0.97096          3.147         3.9833
            251      0.0063906          0.837         0.6185         2.3177
            257      0.0054449        0.87209        0.97101         2.5134
            266      0.0061982        0.96359         2.7159         3.6586
            267      0.0077869         0.4191     5.4944e-05         2.0977
            272      0.0078954        0.12041     5.6969e-05         2.0993
            294      0.0089563        0.21176     7.2274e-05         2.1213
            325      0.0068061        0.51813       0.080226         2.1376
            326       0.003389         0.9574         2.9809         3.9001
            336      0.0047108        0.94915         2.5784         3.5286
            340      0.0037318        0.96472         3.4597         4.2186
            347      0.0063364        0.95819          2.734         3.7068
            353       0.006544        0.95335         2.1401         3.2485
            362      0.0038843        0.95351         2.7171         3.6643
            369      0.0077926        0.66591        0.14846         2.1545
            381      0.0012493        0.97389         4.1323         5.0892
            400      0.0091963        0.80236        0.30147         2.1694
            409       0.003445        0.91998         1.8696         3.0979
            411       0.005341         0.9011         1.2238         2.6318
            412      0.0089405        0.22451     7.4508e-05         2.1214
            413      0.0041313        0.90909         1.7223         2.9504
            420      0.0041361         0.9214         1.8672         3.0668
            424      0.0076445        0.95898         1.9781         3.1214
            453       0.008914        0.70861        0.15705         2.1619
            456      0.0044413        0.50227        0.15211         2.1603
            459      0.0077196        0.95991         2.0996          3.232
            484      0.0038082        0.94156         2.4988         3.4971
            491       0.006242        0.93837         1.6791         2.9236
            493      0.0038765        0.94176         2.4096         3.4359
            495      0.0042711        0.92459         2.0889         3.1767
            509      0.0089867        0.88424         0.4987         2.2862
            513      0.0013047         0.9621         3.4839         4.5269
            515      0.0057765        0.37276     3.3977e-05         2.0945
            523           0.01        0.78357        0.31321         2.1814
            531      0.0054046        0.95491         2.3627         3.3839
            539      0.0034337        0.90032         1.7561         3.0192
            544      0.0012257        0.96486         3.5734         4.6714
            554      0.0012617        0.96398         3.7017         4.7156
            562        0.00121         0.9692         3.9682         4.9649
            580      0.0088711        0.40626     6.6268e-05         2.1195
            586      0.0061511         0.9367         1.8502         3.0212
            601      0.0065593        0.94818         1.6974         2.9386
            612      0.0050354        0.88583         1.0745         2.5536
            614      0.0051293        0.91788         1.6314         2.8731
            620      0.0059574        0.80491        0.35041         2.1895
            636      0.0068761         0.4898       0.048064         2.1326
            643      0.0051137         0.7649        0.46167         2.2437
            653      0.0047772         0.9088         1.4425          2.768
            656      0.0044858        0.90472         1.7561         2.9738
            676      0.0081157        0.22663     5.9964e-05         2.1105
            683       0.004278        0.89705          1.517         2.8235
            696      0.0063703        0.94713         2.3696         3.3839
            721      0.0056833        0.90184         1.1737         2.6261
            731      0.0056374        0.91073         1.4151         2.7444
            737      0.0058699        0.88926         1.0344         2.5241
            740      0.0066035        0.48851       0.098967         2.1379
            746      0.0044192        0.82521        0.66424         2.3665
            754      0.0048905        0.86922         1.1553         2.5936
            767      0.0043429        0.88483         1.3039         2.6975
            774      0.0060219        0.91388         1.2705         2.6522
            778      0.0011836        0.96919         3.9544         4.9596
            787      0.0055013        0.90236         1.3669         2.7159
            799      0.0040466        0.89032         1.5584         2.8639
            812      0.0065591        0.91557        0.91948         2.4665
            829      0.0060794        0.91695         1.2671         2.6499
            832      0.0066402        0.83254        0.48576         2.2665
            851      0.0048938        0.93225         1.8533         3.0264
            858      0.0089412        0.30082     6.9692e-05         2.1195
            861      0.0062653        0.86657        0.50842         2.3011
            863      0.0057959        0.86875        0.86537         2.4226
            894       0.002154        0.94984         3.0306         3.9829
            906      0.0047539        0.88562         1.3247         2.6991
            908      0.0049227        0.82663        0.64497          2.335
            928       0.003973        0.89185         1.5311         2.8601
            945      0.0061304        0.81747        0.35192         2.1996
            951      0.0035024        0.93104         2.2557           3.37
            954      0.0053331        0.89833         1.1574         2.6211
            971      0.0062089        0.89111        0.71412         2.3751
            973      0.0058267        0.79527        0.35184         2.1946
            974      0.0062138       0.071187     3.8847e-05         2.0948
            979      0.0048972        0.88967         1.2007         2.6292
            996      0.0057467        0.90906         1.3843         2.7314
           1009      0.0028862        0.94307         2.8176         3.7362
           1020      0.0050758        0.89521         1.1801         2.6288
           1025      0.0048204        0.89219         1.3628         2.7147
           1032      0.0044539        0.89273         1.4614         2.8033
           1038      0.0045073         0.8952         1.4984         2.8034
           1052     0.00080898        0.98165            5.0         6.5472
