      trialid   learning_rate posterior_div_weight     validklp       validnll
             36      0.0052467        0.34943        0.41502         2.1767
             42      0.0048982        0.88666         1.3172         2.6938
             43      0.0048143         0.1028        0.12412         2.0992
             52      0.0053959       -0.02969            0.0         2.0862
             53      0.0016607         0.9999          3.638         8.2837
             54      0.0064441          0.446        0.48133         2.2191
             79     0.00086666         0.9999         11.038          13.28
             80      0.0016085        0.97916         1.4121         3.4056
             81     0.00083667         0.9999         11.236         13.382
             82      0.0068161         0.9999         2.5882         4.3251
             84     0.00088627        0.98559         2.0675         4.3234
             92      0.0057583        0.49508         0.5371         2.2315
            112     0.00071515         0.9999         10.132         13.168
            115     0.00024562         0.9999           12.0         17.038
            119      0.0063008          0.573        0.57293         2.2602
            121      0.0003117        0.99908         6.8316         11.158
            129      0.0046787        0.57149        0.63535         2.2754
            130      0.0099199        0.99025         1.7617         3.4273
            140      0.0035728        0.77098         1.1597         2.5875
            147      0.0056076        0.59427        0.61199          2.274
            152      0.0040718        0.66371        0.96895         2.4554
            171     0.00068975        0.98855         2.6394         4.9178
            178     0.00064133        0.99962         9.3284         12.109
            184     0.00056632        0.99949          8.898         11.799
            193      0.0016823        0.96842         1.5334         3.4184
            206      0.0017016        0.97227         1.5488         3.4207
            209      0.0012935        0.98646         1.7783         3.7691
            217      0.0037249        0.75485         1.1225          2.568
            223     0.00092263         0.9999         11.223         13.353
            237       0.001128         0.9838         1.8453         3.8615
            241      0.0038446        0.80421         1.2025         2.6097
            244      0.0050554        0.54766        0.59017         2.2642
            248      0.0048385        0.84952         1.1075         2.5612
            253     0.00090004         0.9999         11.146         13.305
            255     0.00094229         0.9999         11.251         13.384
            258      0.0014128         0.9999         3.6903         8.4727
            259      0.0046593        0.80513         1.0304         2.5089
            269     0.00080722         0.9915         3.5059         5.6185
            275      0.0041589        0.58022        0.64029         2.2996
            281      0.0048342        0.78384        0.98233         2.4713
            288      0.0053852        0.41246        0.43331         2.1845
            291      0.0043229        0.65852        0.87493         2.3961
            292      0.0040083        0.66699        0.89238         2.4176
            301      0.0038482        0.64757        0.79814         2.3671
            312     0.00088863         0.9999         11.262         13.433
            314     0.00092431        0.99977         3.8837         9.0304
            320      0.0052885        0.51241        0.56478         2.2467
            321      0.0050911        0.71728        0.81534         2.3687
            323      0.0036531         0.7083         1.0525         2.5232
            324      0.0042223        0.71178        0.94457         2.4453
            331      0.0040177        0.74685         1.1003         2.5393
            333      0.0036463        0.81902         1.2092         2.6409
            335      0.0045507        0.70957        0.91939         2.4243
            339      0.0038155        0.73972        0.98803         2.4874
            340      0.0034853        0.69367         1.0332         2.5209
            341     0.00081857         0.9999         10.911         13.233
            344      0.0060525        0.26109        0.23381         2.1224
            347      0.0038186        0.78883         1.1739         2.5954
            351      0.0047948        0.78105        0.90139         2.4238
            358     0.00092519        0.98217         1.9043         4.1489
            364     0.00075663        0.98991         2.7163          4.974
            365      0.0047354        0.63558        0.74798         2.3381
            369      0.0057004        0.63858        0.70149         2.3161
            370      0.0048035        0.77163         1.0059         2.4884