      trialid   learning_rate posterior_div_weight     validklp       validnll
             17      0.0034363        0.46729       0.032275         0.6137
             21      0.0037096        0.94056         1.7666         1.8137
             34      0.0015697        0.94132         2.3686         2.4217
             78      0.0011222        0.97444         3.2785         3.3116
             80      0.0013458        0.96125         2.7947         2.8352
             83      0.0019089        0.79076          1.086         1.2873
             84      0.0014446        0.96683         2.7844         2.8191
             91      0.0099558        0.98991         4.4704         4.5782
             94      0.0020056        0.92341         1.9547         2.0148
             95      0.0043012         0.9999         10.777         10.804
             98      0.0029512         0.9999         11.163         11.195
            100      0.0023288        0.99476         3.9997         4.0075
            103       0.002656        0.85825         1.3078         1.4176
            108      0.0032086        0.64322        0.23079        0.69979
            111      0.0065836         0.9452         1.3405         1.4861
            115      0.0010624        0.94606         2.6694         2.7328
            116      0.0010268        0.94416         2.6426         2.7076
            128      0.0066648        0.98543         3.3577         3.3804
            129      0.0067095         0.9999         11.931         11.983
            130      0.0038881        0.99622         4.2529         4.2592
            132      0.0019134        0.99943         9.9081         10.019
            133      0.0075346        0.96691         2.2603          2.331
            134      0.0021406         0.9999          11.91         11.975
            136      0.0067098        0.95411         1.4844         1.6029
            137      0.0032856        0.16156       7.95e-06         0.5817
            143      0.0045823        0.99761         4.6295         4.6336
            146      0.0054738        0.97408         2.5185         2.5534
            147      0.0056219         0.9999         10.935         10.964
            148      0.0060451        0.92193         1.2213         1.3878
            152      0.0051783          0.998         5.1847         5.1895
            160      0.0066301         0.9999         11.733         11.777
            163      0.0068106        0.99692         5.1542         5.1613
            165      0.0066095        0.99285         4.3408         4.3519
            167      0.0065844         0.9999         11.856         11.894
            169      0.0073316         0.9999         11.674         11.747
            170      0.0075551         0.9999         11.789         11.865
            175      0.0096195        0.98991         4.4237         4.4849
            176      0.0079606         0.9999           12.0         12.128
            179      0.0075611        0.98801         3.8122          3.838
            182      0.0035836        0.61468        0.21648        0.69191
            187      0.0047091        0.99142         3.9626         3.9767
            188      0.0064448        0.99117         4.3264         4.3439
            202      0.0043524        0.99988          10.71         10.735
            208      0.0027432         0.9999         11.625         11.669
            210      0.0031212         0.9999          11.25         11.285
            213      0.0033785         0.9999         11.197         11.236
            214      0.0035903        0.98745         3.2564         3.2712
            215      0.0035594         0.9999          11.11         11.137
            222      0.0023993        0.80938        0.98188         1.1743
            223      0.0036931         0.9999         10.958         10.988
            224       0.004583         0.9999         10.854         10.877
            227      0.0032669        0.99811         4.7686         4.7723
            229      0.0036568        0.99905         6.4179         6.4228
            234      0.0038757         0.9968          4.416         4.4215
            235      0.0045828        0.99636         4.5843         4.5914
            236        0.00372         0.9999         10.804         10.832
            239      0.0042413         0.9999         10.957         10.982
            240       0.004877        0.99559         4.7567         4.7657
            245      0.0032575         0.9999         11.412         11.448
            248      0.0049363         0.9999         10.849         10.874
            250      0.0042083        0.99845         5.0787         5.0822
            252      0.0054851        0.99848         5.4529         5.4568
            253      0.0065767        0.99848         5.7033         5.7078
            254       0.005549        0.99576          4.692         4.7002
            258      0.0033869         0.9999         11.078         11.103
            260      0.0033512        0.99961         9.5325         9.5751
            261      0.0043843         0.9999         10.846         10.873
            263      0.0038204        0.99797         4.8198         4.8245
            265       0.004618         0.9999         10.895         10.916
            266      0.0040975        0.99738         4.6764          4.681
            271      0.0045286         0.9999         10.539         10.568
            272       0.003458        0.99775         4.6413         4.6457
            273      0.0041542         0.9999         10.919         10.943
            276      0.0042608         0.9999         10.949         10.975
            277      0.0043281        0.99731         4.4058         4.4101
            279      0.0020241        0.69668         0.7475         1.0433
            280      0.0042569         0.9999         10.734         10.762
            281      0.0046664        0.99276         3.9504         3.9621
            285      0.0036037        0.99426         3.9983         4.0069
            286      0.0036464        0.99078         3.4976         3.5095
            287      0.0033915        0.60853        0.22755        0.69953
            289      0.0036197        0.98366         3.0478         3.0662
            294      0.0039033          0.631         0.2769        0.71503
            298      0.0030311        0.99828         4.7812         4.7846
            299      0.0031515        0.56505        0.19854        0.68499
            300      0.0043118        0.98768         3.4482         3.4642
            301       0.003117         0.9999         11.188         11.219
            302      0.0025533        0.78637        0.87168         1.1063
            306      0.0039008         0.9999         11.202         11.238
            308      0.0041059        0.99113         3.7162         3.7284
            310      0.0031039        0.99955          9.397         9.4349
            311      0.0032283         0.9999         11.058         11.081
            313      0.0035926        0.99246         3.6097         3.6199
            314      0.0038504         0.9999         10.967          10.99
            315      0.0038811        0.99583         4.2589         4.2657
            318      0.0030514         0.9999         11.302          11.33
            319      0.0030235         0.9999         11.404         11.447
            321      0.0034208         0.9999         11.022         11.053
            322      0.0035156        0.99873         4.9179         4.9203
            323      0.0030445         0.9999         11.488         11.525
            324      0.0035249        0.99329         3.7598         3.7695
            325      0.0030513        0.98339         3.0605         3.0782
            327      0.0029217         0.9962         4.1852          4.191
            329      0.0028233         0.9999         11.517         11.562
            332      0.0034181         0.9999         11.245         11.273
            342      0.0032394        0.51186        0.10769        0.64081
            346       0.003665        0.57605        0.20755        0.69114
            352      0.0041011         0.9999         10.844         10.871
            353      0.0046521        0.96452         2.3612         2.3951
            354      0.0039184        0.96482         2.2504         2.2818
            355      0.0024805        0.91028          1.702         1.7692
            360      0.0034837        0.51014        0.10555        0.63413
            366      0.0050854        0.91115          1.066         1.2409
            371      0.0047588         0.9999         11.513         11.542
            372      0.0043508         0.9999         10.946         10.973
            373      0.0047033         0.9999         10.649          10.67
            375      0.0042823         0.9999         10.977         11.004
            376      0.0042753         0.9999         10.714         10.742
            378      0.0038573         0.9999         10.801         10.825
            381      0.0031771        0.65461        0.31815         0.7302
            382      0.0036516        0.80089        0.57178        0.88065
            384      0.0036716        0.81385        0.58792          0.914
            385       0.002818        0.70776        0.49849        0.85909
            386      0.0041051        0.91257         1.4311         1.5071
            387      0.0040665         0.9999          10.74         10.763
            388       0.002971         0.9999         11.377         11.408
            389      0.0032509        0.82783        0.96042         1.1281
            390      0.0044188        0.99847         5.2533         5.2567
            391      0.0044458         0.9999         10.851         10.876
            392      0.0038676         0.9999          10.86         10.886
            393      0.0041053        0.99952          9.066         9.1005
            406      0.0038492        0.98774         3.3792         3.3948
            407      0.0044182         0.9999          10.94         10.967
            409      0.0034225        0.49504        0.10081        0.63325
            410      0.0032098        0.57904        0.25855        0.69991
            415      0.0027557        0.66421         0.4049        0.79659
            420      0.0037955        0.57262        0.19217        0.68337
            432      0.0045304        0.90046         1.2055         1.3271
            434      0.0045534        0.99933         6.7103          6.715
            435      0.0037519        0.99898         5.3986         5.4015
            436      0.0040396         0.9999         10.933         10.954
            437      0.0036149        0.99985          10.42         10.451
            438      0.0044885         0.9999         10.696         10.724
            440      0.0042217         0.9999         11.153          11.18
            448      0.0030361         0.9999         11.202         11.238
            449       0.004485         0.9999         10.785          10.81
            450      0.0029351        0.91253         1.5638         1.6279
            454      0.0050437         0.9999         10.977         11.006
            455      0.0044064         0.9999         10.844         10.863
            461      0.0032118        0.68901         0.3398          0.759
            463      0.0028194        0.82311        0.83026         1.0669
            464      0.0039708        0.99815         4.9053         4.9095
            465      0.0037489         0.9999         10.921         10.948
            468       0.005538         0.9999         11.111         11.145
            469       0.003762         0.9999         10.783         10.807
            470      0.0042372         0.9999         10.823         10.849
            471      0.0043892        0.99918         6.1814         6.1853
            472      0.0041043         0.9999         10.759         10.784
            473      0.0036979        0.48548       0.023827        0.60609
            477      0.0039875         0.9999         11.222          11.25
            480      0.0040591        0.84453        0.73615        0.98352
            487      0.0035696        0.66598        0.30257        0.72837
            490       0.003678        0.59579         0.2066        0.68965
            491      0.0046021         0.9999         10.875         10.899
            493      0.0036206        0.71062        0.34182        0.76351
            496      0.0045451         0.9999         10.788         10.814
            497       0.003715         0.9999         11.069         11.102
            501      0.0046187         0.9999          10.98         11.006
            502      0.0041096         0.9999         10.812         10.846
            504      0.0028853        0.47396        0.11039        0.64707
            506      0.0043045         0.9999         10.774         10.802
            517      0.0039033         0.9999          10.91          10.93
            521      0.0043954         0.9999         11.023         11.062
            525      0.0029912        0.68067        0.41358        0.80941
            528      0.0045882        0.99946         6.9802         6.9842
            529      0.0042716         0.9999         10.995         11.022
            537      0.0044078         0.9999         10.651         10.677
            538      0.0028115        0.11583     1.2122e-05        0.60059
            541      0.0034479        0.10784     1.1215e-05        0.58652
            546      0.0034374        0.59247        0.21661        0.69619
            549      0.0041848         0.9999         10.869         10.891
            551      0.0036862        0.71732        0.33975        0.73575
            555      0.0043414         0.9999          10.73         10.753
            556      0.0055188         0.9999         11.032         11.063
            558      0.0048924        0.99973         9.6325         9.6612
            561      0.0033253         0.7702        0.47274        0.83187
            564      0.0043238         0.9999         11.286         11.313
            565      0.0029594        0.77889        0.64772        0.94351
            568      0.0046877         0.9999         10.879         10.904
            569      0.0046675        0.99963         9.4396         9.4788
            571      0.0034114        0.50677        0.13418        0.64736
            574      0.0041407         0.9999         10.885         10.911
            576      0.0045189         0.9999          11.09         11.114
            578      0.0037481        0.14231     8.4249e-06        0.58556
            580      0.0045449         0.9999         11.588         11.617
            582      0.0046125        0.99972         9.5099         9.5411
            584      0.0029883        0.50536        0.17104        0.66313
            585      0.0049013         0.9999         11.104          11.13
            586      0.0048159         0.9999         10.809         10.838
            598      0.0051244        0.99912         6.0445         6.0474
            599      0.0046052         0.9999         10.743         10.765
            603      0.0045302        0.99871         5.4666         5.4705
            604      0.0033322       0.093871     8.4267e-06        0.58566
            605      0.0047039        0.99625         4.2265         4.2323
            609      0.0034686        0.53756         0.1871          0.681
            610      0.0048943         0.9999          10.76         10.794
            611      0.0033221        0.77739         0.6338        0.92165
            614      0.0048552         0.9999          11.31         11.341
            619      0.0037893        0.53806        0.10908        0.64506
            620      0.0047823         0.9999         10.901         10.927
            622      0.0037236         0.7582          0.458        0.81593
            628      0.0032076         0.5404        0.18885        0.68161
            630       0.004774         0.9999          10.86         10.884
            632      0.0033423        0.54356        0.18161        0.67495
            633         0.0054         0.9999         10.934         10.963
            639      0.0030433        0.42844       0.076874        0.63214
            640      0.0050181         0.9999         10.987         11.011
            648      0.0032494        0.74514        0.53182        0.87794
            650      0.0031066        0.54496        0.20401        0.68676
            652      0.0049309        0.99921         6.5661         6.5734
            660      0.0053643         0.9999         10.946         10.971
            663      0.0033204        0.67344        0.40282        0.76484
            665      0.0052662         0.9999          11.08         11.107
            667      0.0036907        0.67581        0.32088        0.73366
            669      0.0037519        0.54281        0.16577        0.65843
            678      0.0049989        0.99964         9.3397         9.3747
            679      0.0042704        0.75265        0.43882        0.81523
            680      0.0050822         0.9999          10.96         10.988
            681      0.0035684        0.55592        0.18691        0.67904
            689      0.0038715         0.8096        0.57245        0.90632
            691      0.0054246         0.9999         10.805         10.838
            692      0.0048369         0.9999         10.635          10.66
            695      0.0029037        0.43885       0.048982         0.6284
            696      0.0030716        0.58762        0.27676         0.7046
            697      0.0047084         0.9999         11.037         11.064
            699      0.0049824         0.9981         5.1382         5.1425
            700      0.0051202        0.99985         10.274         10.305
            709      0.0040927         0.9999         10.918         10.941
            710      0.0048905         0.9999         10.985         11.007
            716      0.0052982         0.9999         11.052         11.079
            718      0.0029026        0.43132       0.062401        0.63202
