      trialid   learning_rate posterior_div_weight     validklp       validnll
              9      0.0054905        0.44592       0.061874          2.344
             35      0.0054978        0.96221         3.4225         4.3343
             51      0.0055015         0.7984        0.38446          2.459
             71      0.0036809        0.72637        0.57439         2.5478
             89      0.0048615         0.9769         4.4154         5.2836
            113      0.0041855         0.6711        0.25497         2.3952
            118      0.0045362        0.97177         4.1117         4.9737
            131      0.0037387          0.971         4.3589         5.0197
            135      0.0041937        0.88788         1.5992         3.0493
            144      0.0060423        0.87711        0.92041         2.7095
            145      0.0046829        0.90745          1.671         3.0953
            159      0.0066984        0.22432     7.3043e-05         2.3351
            176      0.0071717        0.91698         1.3199         2.8957
            177      0.0042994        0.69819        0.34679         2.4279
            196      0.0036362        0.94175         2.6916         3.7499
            198      0.0025449        0.94535         2.9355         3.9417
            205      0.0020837        0.96337         3.8749         4.7534
            213      0.0030525        0.94278         3.0674         4.0103
            215      0.0046879        0.57956        0.21007         2.3887
            224      0.0062305        0.11861     6.6507e-05          2.324
            227      0.0038947        0.84384         1.1456          2.802
            232       0.005828        0.13387     5.8958e-05         2.3141
            236      0.0045787        0.85484         1.0987         2.7383
            251      0.0061263        0.28324     6.7934e-05         2.3272
            252      0.0041823        0.73662          0.469         2.4871
            261       0.005792        0.87057        0.90265         2.6923
            262      0.0030128         0.9401         2.9303         3.9212
            267      0.0034367        0.92811         2.4635         3.5908
            271      0.0033233        0.95063         3.1141         4.0753
            288       0.003295        0.92899         2.3833         3.5377
            290      0.0044629        0.93178         2.3061         3.4962
            300      0.0042826        0.85448         1.2547         2.8533
            310      0.0039332        0.93297          2.215         3.4397
            320      0.0055744        0.60536         0.1881         2.3744
            327      0.0059983        0.75384        0.26149         2.4047
            328       0.004627        0.92995         2.2699         3.4769
            332      0.0030684        0.82296         1.3941         2.9444
            349      0.0044347        0.54502         0.2011         2.3839
            351      0.0033882        0.96164         3.6118         4.4524
            353      0.0041406        0.93786         2.5609         3.6788
            354      0.0038386        0.92738         2.2755         3.4861
            355       0.002679        0.92084         2.3151         3.5355
            357      0.0045039        0.74168        0.54466         2.5142
            362      0.0030114        0.92536         2.4754          3.607
            363      0.0036021        0.93621         2.7121         3.7708
            367      0.0055404        0.94607         2.5561         3.6654
            405      0.0099991        0.98602            5.0         6.0093
            407      0.0047824        0.77409        0.49288         2.4964
            416      0.0040785        0.78425        0.72441          2.592
            417      0.0035728        0.94217         3.0196         3.9676
            424      0.0039356        0.95127         2.8717         3.8966
            433      0.0027067        0.94406         2.7834         3.8453
            438       0.006854        0.44935     7.4744e-05         2.3409
            452      0.0042832        0.51604        0.19424         2.3814
            455      0.0037037        0.91195         2.1059         3.3515
            459      0.0070821        0.96668         3.2803         4.3065
            470       0.009463        0.98372         4.8678         5.8171
            473      0.0055038        0.60222        0.13039         2.3486
            478      0.0035208         0.8438         1.2748         2.8692
            484      0.0041254         0.7845         0.7104         2.5833
            490      0.0026299        0.92118         2.4901         3.6317
            494      0.0059787        0.33001     6.4073e-05         2.3218
            503      0.0045916        0.73395         0.3545         2.4475
            512       0.004092        0.85539         1.1848         2.8119
            517      0.0051062        0.88245         1.1007         2.7883
            519      0.0042819        0.88118         1.4509         2.9563
            520      0.0032339        0.90392         1.9732         3.2784
            535      0.0093735        0.98215         4.4466         5.4661
            539      0.0038852        0.88165         1.3914         2.9349
            542      0.0038138        0.80463        0.84789         2.6629
            554      0.0055155        0.95509         3.1917         4.1349
            574      0.0047916          0.422       0.080471         2.3484
            585      0.0051948        0.81489        0.51832          2.512
            592      0.0025423        0.92939         2.6504         3.7396
            596      0.0049527        0.71683        0.25779         2.4026
            602      0.0042935        0.78665        0.71231         2.5881
            604      0.0052571        0.94316         2.4048         3.5518
            606      0.0032759        0.84635         1.3471         2.9114
            627      0.0063307       0.055788      7.298e-05         2.3308
            628      0.0049587        0.40262     4.3549e-05         2.3104
            632      0.0050023        0.75356        0.35406         2.4444
            642      0.0043354        0.88111         1.2297         2.8472
            643      0.0032613         0.9093         2.1258         3.3674
            649       0.004305         0.7442         0.3784         2.4512
            655      0.0034357        0.93585         2.8692         3.8554
            657      0.0038452        0.94093         2.5226         3.6604
            658      0.0042978        0.90707         1.9085         3.2246
            664      0.0053616        0.96878         3.7699         4.6878
            675      0.0037625        0.75684        0.59014         2.5567
            682      0.0036737         0.8677         1.3614         2.9215
            694      0.0032797        0.88181         1.6637         3.0867
            697      0.0041574         0.9079         1.7365         3.1236
            699      0.0042335        0.92064         2.0338         3.3103
            708      0.0039502        0.82068        0.88885         2.6719
            712      0.0048789        0.82481        0.83624         2.6477
            733      0.0032629        0.79669        0.90293          2.701
            739      0.0037607        0.90617         2.1441         3.3773
            750      0.0038248        0.93733         2.4881         3.6303
            756      0.0034457         0.8294         1.1682           2.81
            757       0.003793         0.8518         1.2782         2.8775
            759       0.004241        0.72481        0.43603         2.4769
            763      0.0035693        0.88714         1.7694         3.1409
            765      0.0036919        0.88503         1.6543         3.0819
            767      0.0037242        0.88739         1.6455         3.0724
            769      0.0058541        0.30909     6.2287e-05           2.32
            770      0.0041854         0.8243        0.87362         2.6676
            771      0.0040454        0.81175        0.87208          2.665
            778      0.0033232        0.90611         1.9798         3.2799
            780      0.0036931        0.90153         1.8329         3.1929
            782      0.0033799        0.85217         1.4171         2.9496
            784      0.0034935        0.88467         1.6498         3.0786
            792      0.0032978        0.85856         1.3798         2.9282
            794      0.0044649        0.94718         2.7654          3.777
            799       0.005508        0.74857         0.2663         2.4101
            801       0.004163        0.78784        0.72861         2.5979
            810      0.0055775        0.79476        0.38804         2.4625
            811      0.0036182        0.90291         1.9255         3.2411
            813      0.0053196        0.96412         3.5776          4.433
            815      0.0044925        0.83471        0.78103         2.6244
            819      0.0047936        0.55211        0.18932         2.3788
            829      0.0039457        0.77579        0.62067         2.5631
            833      0.0057274         0.8255        0.60991         2.5615
            834      0.0058159        0.97784         4.7737         5.5579
            839      0.0034532        0.87209         1.5019         2.9996
            840      0.0054586        0.65316        0.23068         2.3922
            841        0.00359        0.91083         2.0065         3.2892
            846      0.0078379        0.97945          4.429         5.3521
            849      0.0035389        0.86644         1.3496         2.9154
            853      0.0030462        0.76683        0.94172         2.7297
            854      0.0036616        0.90613         1.7441         3.1389
            856      0.0041575        0.89233         1.6244         3.0633
            861      0.0034919        0.88049         1.5532         3.0127
            866      0.0037805        0.86121          1.343          2.902
            869      0.0040843        0.81726        0.77223         2.6231
            871       0.003378        0.84678         1.4111         2.9495
            872       0.003755        0.91207         2.2074         3.4129
            879      0.0030705        0.83771         1.6167           3.05
            883      0.0034767        0.85397         1.5272         3.0027
            884      0.0030814          0.922          2.362         3.5357
            886      0.0039415        0.83923         1.0449         2.7359
            888      0.0025727        0.95711         3.4001         4.3236
            891      0.0030413        0.94112         2.6227         3.7104
            894      0.0065754        0.97724         3.9559         4.8703
            895      0.0050779        0.84767        0.78708          2.631
            901      0.0040494        0.90228         1.6827         3.1091
            907      0.0038874        0.90222         1.8313         3.1775
            908      0.0042649        0.76356        0.48079         2.4918
            912      0.0058041        0.83935        0.74008          2.616
            913      0.0035474         0.8741         1.4969         2.9896
            924      0.0043982          0.962         3.4733         4.3416
            927      0.0053671        0.97332         4.4138         5.1771
            928      0.0037112        0.87175          1.587         3.0246
            930      0.0038836        0.87924         1.4771          2.975
            933      0.0043021        0.38565       0.039647         2.3437
            937      0.0044653        0.87834         1.2185         2.8449
            943        0.00479        0.58172        0.21715         2.3892
            946       0.004166        0.85204         1.2465         2.8526
            947      0.0046929        0.92011          1.861         3.2126
            952      0.0038102        0.91156          1.968         3.2783
            954      0.0042151        0.88197          1.589         3.0344