      trialid   learning_rate posterior_div_weight     validklp       validnll
             10      0.0025895        0.96384         1.2799         3.4894
             32      0.0028714        0.57858        0.50117         2.9284
             33      0.0035478       0.093103         0.0855         2.7382
             41     0.00080686         0.9999         3.2417          6.099
             43        0.00242         0.7008        0.58208         3.0005
             47      0.0036791         0.9999         2.9769         5.1393
             74      0.0030407        0.99787         2.2744         4.3473
             99      0.0018937        0.99866         2.6848         4.9187
            100      0.0039447        0.66408          0.457         2.9134
            104      0.0043407        0.97797         1.5558         3.7097
            108      0.0021394        0.97793         1.7423         3.8892
            111      0.0021542        0.90548         0.9974         3.2877
            118       0.004067         0.9999         2.6235         4.7793
            119      0.0037285        0.35849        0.26442         2.8283
            121      0.0037884        0.42996        0.33819         2.8537
            125      0.0039487        0.92622        0.89257         3.2004
            126      0.0040667         0.9922         1.8816         4.0314
            135      0.0031782        0.40311        0.32783         2.8517
            145      0.0032446        0.71935         0.5512         2.9585
            147       0.002733        0.86169         0.8761         3.1687
            148      0.0039242        0.80177        0.66509         3.0438
            161      0.0037883        0.86531        0.67389         3.0583
            166      0.0031913        0.53419        0.44963         2.8888
            167      0.0024787        0.30152        0.28013         2.8468
            169      0.0026858        0.98524         1.6336          3.769
            177      0.0028756        0.42471        0.36937         2.8639
            178      0.0011657        0.99465         3.5181         6.2014
            182       0.002659        0.83889        0.68696         3.0635
            183      0.0023685         0.9913         2.1147          4.176
            189      0.0028711         0.9999         2.4399         4.6593
            190      0.0021811        0.96816         1.3452         3.5767
            191      0.0023936        0.99084         1.9881         4.1039
            194       0.002794        0.99504         2.1374         4.2169
            199      0.0028285        0.62233        0.53201         2.9429
            203      0.0030707        0.97351         1.3037         3.5039
            204      0.0021865        0.93777          1.078         3.3738
            206      0.0031915        0.69384        0.49912          2.926
            207      0.0035692         0.9999         2.7276         5.0111
            208      0.0038337        0.93849        0.97922         3.2689
            209      0.0036559        0.98745         1.7399         3.8284
            210      0.0022536        0.64776        0.61454         3.0205
            212       0.003586        0.98834         1.5802         3.7612
            214        0.00355         0.1885        0.12693         2.7631
            217      0.0026754         0.9999         3.1005         5.2959
            222      0.0028543        0.75043        0.61201         3.0012
            223      0.0027683        0.18199        0.15018         2.7803
            224      0.0026333        0.98139         1.3303         3.5624
            225      0.0021589        0.95476         1.4276         3.6003
            227      0.0038961        0.95371          1.023         3.2999
            230       0.004525        0.85797        0.69136         3.1025
            231      0.0033804        0.99042         1.7876         3.9055
            232      0.0024788        0.73518        0.55802         2.9888
            235      0.0032717        0.50198        0.42994         2.8775
            236      0.0026422        0.94686         1.1345         3.3892
            239       0.002767        0.51877        0.51833          2.929
            240      0.0036122        0.53045        0.38007         2.8665
            247      0.0042282           0.98         1.1401          3.445