      trialid       alpha_dup   learning_rate     validklp       validnll
             12         1.4214      0.0056427        0.34275         2.4101
             14         3.3345      0.0038454         1.3803         2.8293
             19          10.94      0.0028776          2.734         3.7193
             30         15.233      0.0019658         3.3151         4.1968
             35         1.2142      0.0041327        0.22022         2.3527
             46         15.956      0.0031074         3.2192         4.0443
             50          7.073       0.004628         2.1503          3.262
             62         4.7367      0.0031089         1.7851         3.0668
             85         2.6495      0.0049552        0.95964         2.6476
             94         1.0655      0.0038926        0.10597         2.3518
             98         1.3137      0.0046807        0.29889         2.3751
             99           16.0      0.0012352         3.4809         4.5432
            101          14.11      0.0036238         2.8539         3.7939
            102         4.8369      0.0066412         1.5263         2.9386
            107         13.734      0.0033412         3.0062         3.8897
            112         6.0199       0.003237         2.0902         3.2363
            114         8.3683      0.0039299         2.3412         3.4641
            119         7.2497      0.0030578         2.2973         3.4162
            125          15.89      0.0018987         3.4111         4.2616
            129          3.616      0.0035344         1.4504          2.868
            131         14.567      0.0028882         3.1122         3.9688
            134         2.1505      0.0066136        0.68019          2.576
            143         9.4438      0.0029445         2.5519         3.5866
            144         4.3938       0.003822         1.7669         3.0212
            147         14.911      0.0019413         3.2503          4.138
            153         2.7368      0.0046553         1.1102         2.6926
            163         14.117      0.0035089         2.9323         3.8367
            166         1.7391      0.0039466        0.61692         2.5141
            167         3.4093       0.002689         1.4637         2.9124
            176         2.7615      0.0030316          1.192         2.7684
            178         4.9729      0.0034378         1.8423         3.0684
            179         4.4986      0.0076446         1.6179         2.9606
            180          1.579      0.0057144        0.45723         2.4572
            182         4.1477      0.0029372         1.6603         3.0108
            188         14.714      0.0030099         3.1461         3.9811
            191         5.2984         0.0045         1.8917         3.0809
            193          12.57      0.0041163         2.8197         3.7581
            194         5.7675      0.0038737          2.043         3.1663
            199         6.3207      0.0044341         2.0702         3.2264
            211         3.1079      0.0030837         1.3193         2.8248
            212         10.996      0.0031384         2.6732         3.6719
            213         8.2879      0.0032491          2.534         3.5191
            214         3.3008      0.0037214          1.423         2.8431
            216         2.1462      0.0033139        0.88366         2.6217
            218         11.907      0.0027585         2.9057         3.8305
            222         15.696      0.0029911          3.059         3.9369
            224         2.3261      0.0057103        0.84463         2.6105
            227         3.6102      0.0062257         1.2957         2.7698
            228         10.566      0.0028083         2.5781         3.6306
            233         2.6449      0.0032616         1.1388         2.7328
            237         4.4089      0.0060792         1.4579         2.9124
            238          15.94      0.0023729         3.4037         4.2093
            240         3.9228      0.0031705         1.6152         2.9459
            241         1.8834      0.0045656        0.65965         2.5186
            244         6.8066      0.0033872         2.1964         3.3024
            245         8.6729      0.0044754         2.2491         3.4086
            249         1.6845      0.0051081        0.55021         2.4712
            275           0.86      0.0042627            0.0         2.3134