      trialid   learning_rate posterior_div_weight     validklp       validnll
              2       0.002753        0.24488        0.18269        0.82316
             14      0.0027082        0.70478        0.64315         1.1258
             17      0.0038377        0.47526        0.34933        0.91814
             33      0.0024993        0.97726         1.5995         1.9051
             56      0.0046161        0.58719        0.47129         1.0013
             57      0.0009421        0.91888          1.678         2.1572
             84      0.0024502         0.5436        0.49281         1.0271
             88      0.0024375        0.56551        0.48739           1.02
            100      0.0074761        0.99554          1.828         2.5257
            105     0.00015373        0.99914         7.5073         11.711
            110      0.0040629        0.68042        0.54562         1.0494
            116     0.00049419        0.93463         1.9028         2.8384
            122         0.0001        0.99852         6.5611          11.04
            132      0.0029973        0.44071        0.35033        0.94082
            155      0.0020823        0.68838        0.75593         1.1994
            161      0.0020074        0.69761        0.77752         1.2201
            162      0.0022149        0.66625          0.692         1.1506
            165      0.0021817        0.75238        0.83752         1.2589
            168      0.0028421        0.45875        0.37007        0.95886
            169      0.0023216         0.6572        0.63377          1.114
            174      0.0022957        0.73902        0.79889         1.2301
            184         0.0001        0.99857         6.5867         11.063
            198      0.0021233        0.81893        0.94817          1.343
            200      0.0022556        0.72172        0.77399         1.2068
            201      0.0028258        0.16081         0.1107        0.77844
            204      0.0040115         0.9052        0.98018         1.3482
            209      0.0021042        0.92346         1.2427         1.5782
            214      0.0035816        0.89769         1.0765         1.4017
            217      0.0019664        0.73548        0.82388         1.2539
            232      0.0026967        0.66756        0.58609         1.0913
            243       0.004219        0.69758        0.57955         1.0673
            247      0.0024202        0.52546        0.50989         1.0333
            259      0.0024149         0.6246        0.60973         1.1005
            262      0.0035622        0.88581         1.0491         1.3747
            264      0.0028573         0.1331        0.10646        0.77842
            270      0.0024545        0.14924        0.11247        0.78455
            275      0.0036594        0.67635        0.54746         1.0642
            290      0.0023722        0.51424        0.45382        0.99547
            294      0.0023713        0.73986        0.79588         1.2294
            295      0.0020699        0.69806        0.75407         1.1923
            296       0.002151        0.80213        0.99166         1.3669
            313      0.0026598        0.52561        0.42468        0.99289
            330     0.00022089         0.9999          11.13          14.91
            334     0.00020535         0.9999          10.76         14.123
            335      0.0018579        0.73038        0.89792         1.3089
            338       0.002511        0.16807         0.1127        0.78593
            339     0.00019673         0.9999          11.52          15.25
            343      0.0022518        0.80325         0.9073         1.3115
            346      0.0035287        0.93569         1.2155         1.5218
            349      0.0021046        0.74208        0.87849         1.2863
            350      0.0022717        0.82246        0.92408         1.3274
            351      0.0041413         0.9999         2.2465         2.9054
            366      0.0046556        0.99692         1.7187         2.4926
            374      0.0024006        0.83122        0.93173         1.3361
            388      0.0028775          -0.05            0.0        0.75406
            392      0.0001413        0.99952         9.1712         13.431
            400      0.0030199        0.97054         1.4366         1.7805
            419      0.0022541        0.30445        0.24306        0.86518
            431     0.00015629        0.99881         6.8592         11.117
            437      0.0026413        0.77096        0.73962         1.1851
            439      0.0028317        0.47738        0.40099        0.97051
            440      0.0024673        0.69441        0.70061          1.168
            448      0.0025804        0.80231        0.87386         1.2732
            456     0.00019912         0.9999         11.931         15.712
            457     0.00019856        0.99895         7.4494         11.438
            458       0.002917       0.012234       0.086953        0.77762
            460      0.0023215        0.78084        0.88175         1.2911
            464      0.0023675        0.25329        0.18417        0.83439
            467      0.0026129        0.26598        0.20357        0.84185
            468     0.00021776        0.99952         8.6254         12.643
            479     0.00023842        0.99952         8.5243         12.392
            486     0.00020208         0.9999         11.212         15.025
            490      0.0040959        0.39105        0.30259        0.86914
            492      0.0037284        0.90709         1.0966         1.4292
            523      0.0021644        0.81236        0.91176         1.3126
            538      0.0020186        0.79874        0.93706         1.3391
            539      0.0024872        0.79614        0.88512         1.2968
            556      0.0037767        0.97647         1.3392         1.7111
            559      0.0001721        0.99932         7.8807         11.879
            566      0.0024313        0.82021        0.91643         1.3198
            569     0.00022525         0.9999         11.125         14.889
            578      0.0001779         0.9999           12.0         16.392
            579      0.0035737         0.3379        0.23926        0.84627
            582     0.00022589         0.9999         10.935         14.603
            583     0.00020616         0.9999         11.281         15.089
            591      0.0027291        0.33065        0.24119        0.86216
            594      0.0027672        0.22117        0.14789        0.80383
            597      0.0026527        0.22098        0.13682        0.80135
            602     0.00019498         0.9999         11.822         15.575
            604      0.0027298         0.2203        0.15214        0.80773
            606      0.0002002         0.9999         11.918         15.674
            610     0.00018605         0.9999         11.981         15.795
            615      0.0034767        0.96499         1.3002         1.6218
            617      0.0032069        0.84842        0.86488         1.2648
            618       0.002513        0.87419          1.129         1.4783
            623     0.00021987         0.9999         10.995         14.812
            626     0.00025192         0.9999         10.692         13.884
            627     0.00024048        0.98039         2.9718         5.0702