      trial_id   learning_rate posterior_div_weight     validklp       validnll
             36      0.0049393        0.82412        0.75051         2.5968
             72      0.0060767        0.61722        0.13026         2.3691
             83      0.0032948        0.97284         3.5608         4.8448
            106      0.0064916        0.94372         2.1338         3.4724
            114      0.0034611        0.86458         1.4583         2.9699
            120      0.0058639         0.9503         2.2101         3.5213
            122      0.0055377        0.94874          2.317         3.6103
            127       0.005652        0.95201         2.2872         3.5452
            130      0.0052059        0.93663         2.0148         3.3703
            135      0.0050658        0.73579        0.26989         2.3971
            154      0.0038814        0.85963         1.3184         2.8833
            165      0.0051027        0.97946           3.66         4.9093
            178      0.0050999        0.93197         2.0006         3.3233
            187      0.0053791        0.94016          2.009         3.3671
            194      0.0035658        0.97888         4.1184         5.3263
            203         0.0027        0.95934         3.2248         4.2752
            206      0.0069355        0.99949         10.231         10.987
            213      0.0022234         0.9557         3.1006         4.1858
            222      0.0041333        0.94031         2.2621         3.5417
            225      0.0085015        0.99809         4.8374           8.31
            236      0.0045948        0.83426         0.8916          2.666
            237      0.0045548        0.97076         3.2661         4.5927
            243      0.0041249        0.97606         3.5713         4.8449
            246      0.0042753        0.82899        0.91871         2.6748
            255      0.0038348        0.90145         1.8176         3.1838
            256      0.0092451         0.9999         11.511          12.26
            258      0.0043838        0.90851         1.7687         3.1478
            273           0.01        0.99949         9.8558         10.643
            274       0.006215        0.97974         3.6924         4.9755
            282      0.0072468        0.98031         3.7439         5.1368
            289      0.0039525         0.9731         3.4896         4.6854
            298      0.0099659        0.99901         5.4688         8.9775
            300      0.0043135        0.91899         1.8705         3.2207
            315      0.0066649        0.98759         4.4611          5.795
            341      0.0061739        0.98469         4.3572         5.6128
            361      0.0074228        0.85065        0.43512         2.4494
            363      0.0049653        0.61358        0.22668          2.377
            365      0.0046539         0.8558        0.95011         2.6832
            367      0.0096234        0.99967         10.344          11.09
            369       0.008321        0.99956         10.202         10.924
            378      0.0043665        0.51157         0.1906         2.3755
            402      0.0052842        0.88631         1.1005         2.7721
            404      0.0044218        0.89336         1.6247          3.049
            405       0.009643        0.99953         10.037         10.831
            431      0.0045649        0.83897         1.0447         2.7295
            433      0.0043594        0.86398         1.0765         2.7593
            437      0.0053257         0.9633         2.7176         3.9676
            438      0.0065961        0.96343         2.7048         3.8249
            442      0.0048294        0.92671         2.0001         3.3174
            454       0.004312        0.84086         1.0187         2.7276
            455      0.0039119         0.9251         2.0081         3.3422
            460      0.0098836        0.99927         5.1591         8.7804
            466      0.0058071        0.93502         1.8943         3.2685
            468      0.0047897        0.92344         1.8882          3.229
            469      0.0045707        0.88824         1.2655         2.8654
            473       0.009915        0.99977         10.723         11.548
            475      0.0037632        0.92756         2.1275         3.4294
            478      0.0042835        0.91834         1.9684         3.2758
            482      0.0028542        0.93691         2.4788         3.7264
            485      0.0035355        0.88817         1.6542         3.0909
            486      0.0040092        0.87666         1.3454          2.905
            487      0.0052108        0.93286         2.1195         3.3969
            489      0.0094565         0.9999         11.471         12.236
            511      0.0034696        0.85326         1.2122         2.8389
            516      0.0030334        0.85305          1.348         2.9317
            518      0.0099687         0.9998         10.836         11.696
            519           0.01        0.99828         4.9991         8.5062
            529      0.0038131        0.85805         1.3759         2.9359
            536      0.0039148        0.86276          1.239         2.8469
            538           0.01        0.99848         4.9114         8.4443
            545      0.0042439        0.79791        0.75529         2.6034
            556      0.0053844        0.88173         1.0943         2.7717
            562      0.0098313         0.9988         5.3564         8.7995
            564           0.01        0.99926         5.4282         8.9707
            565      0.0045281        0.48175        0.16043         2.3732
            569      0.0098651        0.99978         10.619         11.467
            575      0.0096679         0.9989         5.0223         8.5184
            602      0.0041233        0.65242         0.3259         2.4275
            607           0.01         0.9993         9.5796         10.386
            609      0.0043111        0.73686        0.47144         2.4862
            611      0.0049113        0.73135        0.36342         2.4381
            619      0.0057236        0.88701        0.97926          2.724
            621      0.0035123        0.84071         1.0866         2.7689
            622      0.0044637        0.90891          1.677         3.0964
            628       0.003782         0.8647         1.3433         2.9025
            632      0.0061272        0.59652        0.12612          2.358
            635      0.0098898        0.99978         10.761         11.581
            636           0.01        0.99966         10.392         11.143
            645      0.0042826        0.89463         1.3945         2.9498
            654           0.01        0.99848         5.0706         8.5926
            655      0.0033466        0.86922          1.357         2.9339
            657      0.0044399        0.83341        0.90407         2.6743
            669          0.009         0.9999         11.341         12.123
            672      0.0046438        0.74226        0.55618         2.5082
            677      0.0052425        0.84227        0.79347         2.6191
            683      0.0058026        0.71188         0.2513         2.3896
            688       0.007063         0.9999         11.519         12.278
            696      0.0094158        0.99905         5.4564         8.9729
            697           0.01        0.99777          4.563         8.0576
            700      0.0046135        0.83959        0.89374         2.6676
            707       0.004616        0.84465        0.93822         2.6817
            724      0.0072015         0.9999         11.856         12.558
            725      0.0051608        0.59311        0.12786         2.3603
            730      0.0048822        0.50255        0.12328         2.3486
            734      0.0049292        0.71437        0.26054         2.3902
            738       0.007125        0.99989          11.44         12.205
            743      0.0047878        0.87254          1.202         2.8183
            746      0.0042716        0.80593         0.7467          2.589
            749      0.0090581         0.9999         11.493         12.246
            761      0.0044439        0.88938         1.5002         2.9868
            768      0.0069542        0.99987         11.616         12.319
            773      0.0070906         0.9999         11.459         12.235
            776      0.0079532         0.9998         10.999         11.724
            777      0.0074167         0.9987         5.1166         8.7212
            798      0.0040157        0.77851        0.62984         2.5538
            802      0.0056097        0.35714     5.8717e-05         2.3063
            808      0.0045959          0.724         0.3575         2.4351
            832       0.005192        0.72774        0.26142         2.3939
            849      0.0059986        0.36055     6.4978e-05         2.3127
            874      0.0049417          0.524        0.18129         2.3743
            882       0.004799        0.70131         0.3253         2.4244
            888      0.0048974        0.67507         0.2445         2.3874
            898      0.0068051         0.9999         11.831         12.541
            914      0.0047319         0.4357       0.095281         2.3329
            918        0.00469        0.75585        0.27634         2.4022
            926      0.0040817        0.75241        0.58972         2.5372
            944      0.0059187        0.85049         0.6683         2.5681
            959      0.0049062        0.73728        0.44416         2.4767
            984      0.0052572        0.38311     5.0825e-05          2.301
           1013       0.004655        0.74016        0.36638         2.4413
           1015      0.0033572         0.9585         2.8972         4.0376
           1016      0.0031996          0.961         3.1116         4.2292
           1043      0.0048567        0.79304        0.60032         2.5378
           1069      0.0048357        0.71262        0.26171         2.3941
           1087      0.0013268        0.96991         4.0411         5.1553
           1105      0.0047257        0.75649         0.3806         2.4432
           1139      0.0049354         0.7292        0.35464         2.4314
           1146       0.004813         0.7283        0.34515           2.43
           1156      0.0099407         0.9999         11.184         12.031
           1197      0.0067289        0.44262     7.6692e-05         2.3297
           1217      0.0039047        0.78743        0.64797         2.5677
           1231      0.0056852         0.9999           12.0         12.787
           1233      0.0044035        0.74523        0.48126         2.4875
           1241      0.0058482        0.87098        0.81506         2.6406
           1248      0.0080718         0.9999         11.503         12.251
           1255      0.0047004        0.79095         0.5058         2.4973
           1256      0.0046638        0.76831        0.57813         2.5235
           1260      0.0051903        0.75356        0.36274         2.4375
           1267      0.0051536         0.9999         11.941         12.722
           1301       0.004864        0.71508        0.35619         2.4332
           1308      0.0052412        0.81495        0.62834         2.5416
           1319      0.0046925        0.40344       0.039267         2.3318
           1327      0.0048682        0.55451        0.19202         2.3768
           1333      0.0049524        0.43838       0.099524         2.3372
           1334       0.004512        0.78806        0.51423         2.4977
           1339      0.0077392         0.9999         11.443         12.221
           1356       0.006688         0.9999         11.865         12.641
           1362      0.0063876         0.9999         11.936         12.647
           1366      0.0052609        0.35821     5.2607e-05         2.3061
           1367      0.0049202        0.67123        0.24318         2.3828
           1368      0.0077955         0.9999         11.569         12.317
           1372      0.0049247        0.71044        0.26178         2.3965
           1378      0.0046872        0.79181         0.6062         2.5398
           1380      0.0075355         0.9999         11.643         12.345
           1384      0.0070046         0.9999         11.793         12.483
           1387      0.0061904         0.9999         11.991         12.744
           1392      0.0073414         0.9999         11.335         12.074
           1393      0.0064404         0.3262     7.0236e-05         2.3238
           1396       0.007308         0.9999         11.443         12.228
           1401      0.0055759       0.090874     6.2485e-05          2.309
           1403      0.0071659         0.9999         11.672         12.399
           1408      0.0046723        0.80176        0.71647         2.5835
           1413      0.0052648        0.52702         0.1186         2.3413
           1423      0.0055972        0.65915         0.2327         2.3798
           1426      0.0075099         0.9999         11.648          12.35
           1431      0.0077773         0.9999         11.361         12.147
           1438      0.0077099         0.9999         11.752         12.436
           1457      0.0042938        0.79006        0.63211         2.5582
           1475       0.008003         0.9999         11.676         12.428
           1485      0.0083209         0.9999         11.689          12.43
           1486      0.0044398          0.781        0.58327         2.5267
           1490      0.0078083         0.9999         11.658          12.37
           1505      0.0040552         0.9999          11.87         12.644
           1511      0.0082764        0.99983         11.155         11.895
           1526       0.008364         0.9999         11.559         12.295
           1548      0.0062556         0.9999         11.659         12.398
           1549      0.0089711         0.9999           11.4         12.176