      trialid       alpha_dup   learning_rate posterior_div_weight     validklp       validnll
              2         6.9348      0.0026799        0.25071        0.29734        0.71128
              6           1.52      0.0027086        0.39043        0.43938        0.79702
              9         4.7133      0.0026644        0.84093         1.5886         1.7289
             16         6.6377     0.00077303        0.89837         2.5331         2.6946
             25         8.0446      0.0025059        0.57632        0.98233         1.1821
             26         10.337      0.0041956        0.83778         1.4957         1.6463
             30         3.2916      0.0030338         0.3396        0.43493        0.76808
             33         1.9872     0.00051972         0.9999         10.924         12.266
             34         2.2388      0.0037166        0.58254        0.77056          1.003
             35          4.032      0.0027953        0.54467        0.86669         1.0822
             69         8.8731      0.0037658        0.53671        0.80056         1.0197
             74         4.0986      0.0014904        0.81576         1.6973         1.8582
             82         4.0686     0.00047408        0.80555         2.1134         2.6392
             85         3.2628     0.00048848        0.95881         2.9895         3.8639
             88         2.1453      0.0031431        0.32284        0.37149        0.75348
             89         10.043      0.0026324        0.63526         1.0707         1.2583
             93           2.24     0.00067936        0.95834         2.6572         3.2982
             95         8.6747      0.0010395        0.79696         1.8122          2.016
             98         3.8806      0.0034673        0.42003        0.54778        0.84651
            106         1.3827      0.0032227        0.18872        0.11399        0.61734
            114           0.86         0.0001         0.9999           12.0         17.235
            119         2.0268       0.000544         0.9999         9.5157          12.25
            127         15.343     0.00064151        0.97731          4.195         4.5507
            129         2.8256     0.00028801         0.9999         7.3689         10.867
            133         2.4688     0.00047246        0.97903          3.277         4.2903
            144         1.5908     0.00040344        0.97771         3.0813          4.247
            145         7.8997      0.0035629        0.53445        0.81778         1.0317
            148         4.0362      0.0024578        0.58749        0.97273         1.1812
            151         1.4816      0.0030206        0.18671        0.14024        0.63963
            153         4.9932      0.0033765        0.56887         0.8656         1.0748
            157         4.1261      0.0033216         0.1248         0.1043        0.61177
            165         1.4576     0.00030958         0.9995         8.4352         11.506
            169         2.1755       0.003771         0.4859        0.59348        0.89087
            170         11.285      0.0031785        0.63321         1.0198         1.2068
            171         4.6385      0.0029458        0.53507        0.84029         1.0603
            183         2.7358      0.0026588        0.74472         1.2509         1.4196
            184         2.0035      0.0030114        0.75214         1.1781         1.3419
            185         1.9851      0.0025352        0.82316         1.4494         1.5678
            187         5.1668       0.002146        0.36353        0.60535        0.91337
            189         3.3058      0.0025264        0.71815          1.215         1.3945
            193         7.7597      0.0025918        0.44961        0.71679        0.97291
            196         2.5587       0.003591        0.14523        0.10818        0.61259
            199         6.6263      0.0026676        0.46008        0.75622         1.0009
            201         10.345      0.0031731        0.23563         0.2667         0.6896
            207         10.629      0.0019486        0.65178          1.218          1.415
            211         8.9191      0.0026659        0.65257         1.1097         1.2936
            213         9.9046       0.002852        0.56429        0.93103         1.1353
            214         10.157      0.0018964        0.64632          1.221         1.4192
            215         8.5751      0.0021729        0.63107         1.1274         1.3209
            216          4.056      0.0030594        0.37152        0.50624        0.80761
            224         4.6722      0.0022118        0.59894         1.0214         1.2297
            228         3.7964       0.003789        0.57237        0.82742          1.045
            233         1.5148      0.0031424        0.17337        0.11056        0.61513
            234         5.1889      0.0030168        0.62138        0.99672         1.1879
            240         1.7893      0.0028751        0.43858        0.57578        0.87942
            246         6.2255      0.0026844        0.75191         1.2826          1.452
            247         1.6475      0.0017574        0.76084         1.3668         1.5306
            253         3.4449      0.0024113        0.72313         1.2711          1.451
            258         2.9297      0.0031937      -0.010129            0.0        0.58862
            261         3.8575       0.002463        0.54456        0.87372         1.1031
            264         8.6535      0.0031258        0.28255        0.34837        0.72442
            265         8.4622      0.0031031        0.53891        0.85418         1.0631
            274         6.1246      0.0030649        0.52123        0.79561         1.0164
            278         9.4869      0.0030755        0.57436        0.91865         1.1193
            280         3.9442      0.0024308         0.5341        0.88148         1.1058
            282         14.052      0.0021079        0.37471        0.66192        0.95426
            285         3.9258      0.0032066        0.56908        0.85941         1.0668
            286         7.3448      0.0031621        0.61118         0.9565         1.1474
            287         10.087      0.0016624        0.65208          1.297         1.5012
            289         1.3998      0.0027979        0.20304        0.17271        0.65964
            297         7.6516      0.0031464        0.58903         0.9422         1.1389
            301         4.4557      0.0018955        0.70717         1.3134         1.5028
            303         2.9417      0.0030105        0.38543        0.52065        0.83308
            304         1.4814     0.00096174         0.8601         2.0595         2.2251
            305         3.6909      0.0034633        0.60302        0.89723         1.1085
            307         5.6037      0.0027047          0.578        0.95918         1.1635
            309         12.642      0.0040854         0.8935         1.7398          1.874
            310         6.4232      0.0023966        0.61383         1.0424         1.2368
            311         2.0779      0.0036244        0.78789         1.2651           1.42
            313         1.5299      0.0013245        0.80017         1.6397         1.8037