      trialid   learning_rate posterior_div_weight     validklp       validnll
              7      0.0032642        0.76683        0.85892         2.6937
             15      0.0065009        0.97385         1.4333         3.0933
             21       0.004792        0.28196        0.27197         2.3912
             37      0.0038967        0.50866        0.49443         2.4705
             41      0.0037689        0.85639         1.1154         2.8071
             45      0.0040229         0.9953         2.1591         3.6799
             72      0.0041428        0.14164        0.12716         2.3208
             75        0.00427         0.5001         0.4797         2.4581
             83      0.0077836        0.95267          1.225         2.9602
             94      0.0045781        0.35118        0.33522         2.4162
             95      0.0047188         0.2443        0.22564         2.3686
            109      0.0064618        0.99639          2.168         3.7815
            112        0.00614         0.9908         1.9497          3.513
            121      0.0031596        0.65505        0.76672         2.6205
            141      0.0078876        0.99481         2.2188         3.8989
            150      0.0039406        0.94779         1.5136         3.1015
            155      0.0018002        0.99848         4.2489         6.1556
            162      0.0020934        0.99809         3.2744         4.8038
            163      0.0012438         0.9926         2.6247         4.4455
            170      0.0040851        0.99581         2.5314         3.9846
            172      0.0042294        0.95379         1.5915         3.1733
            176      0.0017441        0.99691         3.4696         5.0109
            191       0.007801         0.9999         3.1112         4.7215
            197      0.0044661        0.77971         0.8568         2.6391
            198      0.0025055         0.9999         4.0412         5.7214
            210      0.0047572        0.99933          3.055         4.6252
            211      0.0039532         0.9999          3.267         4.7612
            214      0.0050795        0.99931         2.6226          4.155
            220      0.0044735        0.46076         0.4267         2.4431
            233      0.0060182        0.99831         2.2512         3.9053
            235      0.0038184        0.97128         1.7666         3.3061
            238      0.0071265        0.98901         1.9836         3.5693
            240       0.006923        0.88189         1.1283         2.8484
            242      0.0037584        0.95978         1.6633         3.2282
            247      0.0038615        0.18389        0.19284         2.3655
            256      0.0030675        0.96032         1.9074         3.4137
            257      0.0027007        0.88618         1.2269         2.9776
            259      0.0041454        0.45386        0.45197         2.4504
            261      0.0044058        0.60214        0.53183         2.4894
            263      0.0040018        0.34405        0.40288          2.432
            274       0.003604         0.9999         3.7438         5.2131
            276      0.0034562        0.82488         1.0265         2.7823
            277      0.0042089         0.9999         3.3156         4.8978
            279      0.0069125         0.9999         3.4152         4.9594
            283      0.0032605        0.51819        0.58685         2.5244
            287       0.002485        0.99333         2.1895         3.8372
            288      0.0034484        0.81845         1.0473         2.7894
            293      0.0050417        0.49767        0.44182         2.4481
            296      0.0029062         0.9999            5.0         7.8669
            301      0.0040885         0.3061        0.33228         2.4092
            302      0.0026489         0.9999         4.0102         5.5527
            319      0.0045028        0.48952        0.46372          2.455
            328      0.0018119        0.99563         3.5828         5.0545
            335      0.0039848        0.74901        0.83417         2.6372
            340      0.0047887        0.80045        0.93355         2.6984
            344      0.0043082        0.30221        0.32028         2.3919
            349      0.0025196         0.9999         4.8493         6.3111
            350      0.0044985        0.65504        0.68973         2.5552
            352       0.004761        0.66048        0.55141         2.5077
            353      0.0039781        0.84444         1.0869         2.7955
            355      0.0014692        0.99526         3.0621         4.7004
            359       0.003936        0.99986         3.0598         4.6951
            361      0.0050371        0.72353        0.75706         2.6019
            363      0.0036927         0.9999         3.9457          5.461
            369      0.0043644        0.86975        0.99575         2.7453
            373      0.0029265        0.86638         1.2153         2.9196
            375      0.0052977        0.29118        0.24102         2.3705
            380       0.004405        0.49038        0.46125         2.4546
            381      0.0032162        0.88389         1.2058         2.9135
            383      0.0024125        0.87891         1.2278         2.9975
            391      0.0038792        0.80452        0.90672         2.6947
            392      0.0042089          -0.05            0.0         2.3206
            394      0.0045939        0.63921        0.62273         2.5297
            398      0.0047459        0.87934         1.0057         2.7683