      trialid   learning_rate posterior_div_weight     validklp       validnll
             11      0.0031723        0.50426        0.10515        0.79496
             18      0.0027491         0.9999         11.399         11.453
             38      0.0022928        0.93129         2.0458         2.1345
             49      0.0048542        0.91131         1.1472         1.5173
             70      0.0045471         0.9999         11.013         11.035
             78      0.0032763        0.84807        0.99271         1.2839
             92      0.0035519        0.98931         3.7544         3.7723
            101      0.0064224        0.94829         1.6861         1.8727
            102      0.0015143        0.96613         2.9577         3.0104
            103      0.0054777        0.98773         3.6566         3.6872
            104      0.0028449        0.89234         1.5688         1.7189
            106       0.002388        0.72667        0.65516         1.1002
            107      0.0045169        0.95378         2.2021         2.2953
            109      0.0018437        0.83954         1.3942         1.6064
            112      0.0032655        0.65537        0.22916        0.86084
            113      0.0027811         0.8102        0.86176         1.2167
            117      0.0033544        0.72934        0.40715        0.95624
            119      0.0046099         0.9999         10.582         10.611
            121      0.0045262         0.9999         10.741         10.767
            123      0.0022859         0.9999           12.0         12.063
            124      0.0024786         0.9999         11.702         11.749
            128      0.0023848        0.99272         4.5143         4.5337
            129       0.002584        0.98902         4.0093         4.0316
            130      0.0023885        0.99739         5.7004         5.7144
            134      0.0021869        0.98932         4.0697         4.0929
            135      0.0023075         0.9999         11.785         11.852
            138       0.002315        0.99835         6.4133         6.4274
            139      0.0024752         0.9999         11.885         11.941
            140      0.0022185         0.9999         11.855         11.931
            141      0.0024219        0.99004         4.1655         4.1869
            143      0.0023235         0.9999         11.897         11.976
            144      0.0010975        0.98865         4.5921          4.633
            145      0.0019703        0.98573         3.7934         3.8201
            146      0.0021041        0.95739         2.5628         2.6169
            148      0.0017618         0.9914         4.3488         4.3711
            149       0.001931         0.9999         11.832         11.902
            161      0.0029852        0.99793         5.6542         5.6625
            162      0.0026565        0.96579         2.7905         2.8334
            164      0.0032601        0.98355         3.4083         3.4336
            165      0.0032642        0.97711         3.0602         3.1012
            166      0.0027373        0.69324        0.46517        0.99017
            167       0.003888        0.99558          4.676         4.6869
            169      0.0028937        0.57444        0.20828        0.84774
            170      0.0026172         0.9999         11.576         11.617
            171      0.0043761         0.9988         6.6069         6.6168
            172      0.0028941        0.59194        0.21177        0.85198
            173      0.0030507        0.61654        0.22446        0.85818
            174      0.0042829        0.98734          3.634         3.6555
            178      0.0041734         0.9999         10.894         10.919
            180      0.0038874        0.97657         2.8522         2.8853
            187      0.0042709         0.9999          10.82         10.846
            189      0.0044908        0.99433         4.5721         4.5863
            191      0.0038239         0.9999         10.713         10.736
            196      0.0032447         0.9999         11.384          11.42
            197      0.0035468         0.9996         9.4439         9.4784
            199      0.0035502        0.98583         3.6622          3.688
            202      0.0031109         0.9986         6.2573         6.2662
            203      0.0037285        0.99729         5.1905         5.1985
            205      0.0034892        0.99829         6.3623         6.3756
            206      0.0034382        0.99935         7.6713         7.6794
            209      0.0027634         0.9999         11.193         11.225
            212      0.0031109        0.72832        0.41733        0.95812
            215      0.0069713         0.9999         11.736         11.793
            216      0.0029923        0.99755         5.8415         5.8554
            217      0.0032489        0.99856          6.306         6.3173
            218      0.0031276        0.99488         4.8019          4.817
            219      0.0060135        0.95063         1.6511         1.8361
            220      0.0026768         0.9999         11.749         11.794
            221      0.0026963         0.9999         11.781          11.83
            222      0.0029512        0.68839        0.31784        0.90847
            228      0.0047062         0.9999         10.633          10.66
            229      0.0032169         0.9999         11.198         11.231
            236      0.0052598         0.9999         10.892         10.917
            237      0.0053461        0.99825         5.9877         5.9973
            238      0.0024141        0.67613        0.54065         1.0377
            239      0.0029052        0.70222        0.46779        0.99094
            248      0.0042932         0.9999         10.874         10.898
            249      0.0044317         0.9999         10.903         10.928
            256      0.0041218         0.9999         10.827         10.853
            259      0.0027234        0.69868        0.46358        0.98022
            266      0.0049549         0.9992         7.1443         7.1526
            268      0.0058107         0.9999         10.939         10.972
            269      0.0050325        0.99873          6.261         6.2683
            271      0.0048689         0.9999         10.876         10.902
            273      0.0025148        0.71575        0.57342          1.058
            274      0.0033402        0.68916        0.31271        0.90426
            277      0.0039433         0.9991         6.9445         6.9524
            283      0.0040118        0.99162         4.1983         4.2145
            285      0.0033321        0.69071        0.30805        0.89701
            286       0.004967        0.99713         5.4018         5.4111
            291      0.0046068        0.99734         5.2455         5.2534
            292      0.0027156        0.72834        0.56614         1.0446
            299      0.0031327         0.6908        0.39014        0.92679
            303      0.0033612        0.71409        0.32747         0.9125
            309      0.0026788        0.59461         0.2266        0.85998
            313      0.0023313         0.7712        0.83144          1.207
            317      0.0065002         0.9999         11.396         11.434
            318      0.0058091         0.9999         11.261         11.301
            319      0.0047237        0.99779         5.7504         5.7599
            321      0.0054823        0.99979         10.219         10.258
            324       0.005154        0.99579         4.9675         4.9785
            326      0.0049236         0.9999          11.11          11.14
            327      0.0025267         0.7143        0.48698         1.0019
            331      0.0057413         0.9999         11.224         11.262
            335      0.0041954        0.99974         9.6425         9.6749
            337      0.0020303        0.71935        0.70801         1.1713
            340      0.0028527        0.69716        0.40653        0.94182
            346      0.0067854         0.9999         11.752         11.807
            351      0.0022164        0.71539         0.6712         1.1309
            354      0.0027713        0.71803        0.49565         1.0057
            356      0.0028152        0.71889        0.41765        0.96356
            357      0.0032168        0.47504       0.031506        0.76761
            359      0.0034464        0.77272        0.51614         1.0146
            360      0.0030891        0.48925       0.093335        0.78363
            365        0.00647        0.99774         6.1588         6.1735
            367      0.0054125         0.9998         10.344         10.379
            368      0.0057656         0.9999         11.248         11.285
            372      0.0050134        0.99523         4.9207         4.9357
            373      0.0046993         0.9999         10.648         10.669
            379      0.0027291         0.7149         0.4862        0.99744
            380      0.0045461         0.9999         10.971         10.996
            384      0.0065344         0.9999         11.428         11.462
            386      0.0024156        0.70822        0.56381         1.0414
            388       0.005151         0.9999         10.901         10.926
            389      0.0055432        0.99957         9.2575         9.3012
            391      0.0056449        0.99754         5.7235         5.7354
            393      0.0032629         0.9529          2.191         2.2612
            409      0.0030012        0.54251        0.17663        0.82957
            410      0.0029269        0.60222        0.27041        0.87645
            413      0.0032205        0.63036        0.28796        0.87836
            414      0.0052107         0.9999         11.048         11.076
            415      0.0042723         0.9999         10.927         10.953
            417      0.0047574         0.9999         10.969         10.994
            418      0.0039002         0.9999         10.766         10.791
            419      0.0026191        0.78378        0.79275         1.1777
            420       0.004007        0.99951         7.7292         7.7369
            421      0.0023988        0.73924        0.66842         1.1093
            422      0.0028497         0.9165           1.75         1.8754
            423      0.0033227        0.75565         0.4377         0.9686
            424      0.0039288         0.9999         10.907         10.932
            425       0.004147         0.9999         10.994          11.02
            427      0.0022797         0.7345        0.69929         1.1333
            428      0.0034938         0.7524         0.4297        0.96845
            429      0.0049827         0.9999         10.646         10.667
            432      0.0041629        0.98398         3.4531         3.4788
            433      0.0040192         0.9999          10.62         10.649
            437      0.0030809        0.68003        0.30506        0.89579
            438      0.0026824        0.59688        0.22158         0.8572
            440      0.0033813        0.66412        0.23656        0.86659
            441      0.0045511         0.9999         11.163         11.188
            442      0.0041271         0.9999          10.93         10.953
            446      0.0043415         0.9999         10.988         11.015
            449       0.003665        0.99975         10.038         10.071
            450      0.0043827         0.9992         7.0689         7.0768
            452      0.0042175         0.9999         10.687         10.708
            453      0.0039702        0.99754         5.4008         5.4094
            454       0.004023         0.9999         11.027         11.054
            456       0.003257        0.76496         0.5152         1.0146
            461      0.0041322         0.9999         10.835         10.858
            467       0.003052        0.44173       0.015294        0.76219
            473      0.0031027        0.78822        0.63713         1.0807
            475      0.0042595         0.9999         10.942         10.975
            477      0.0028248         0.7461        0.53671         1.0352
            478      0.0028655        0.74957        0.53055         1.0334
            479      0.0039131         0.9999         10.931         10.953
            483       0.003133        0.76376        0.52754         1.0221
            490      0.0044795         0.9999         10.788         10.812
            492      0.0043327         0.9999         11.095         11.123
            493      0.0042424         0.9999         11.455         11.479
            495      0.0043197         0.9999         10.832         10.855
            496      0.0042442         0.9999         10.996         11.028
            498      0.0038604         0.9999         11.243         11.265
            502      0.0040109         0.9999         11.101         11.126
            504      0.0039766         0.9999         10.981         11.012
            505      0.0040566         0.9999         10.758         10.779
            506      0.0042029         0.9999         10.844         10.865
            509      0.0030294        0.73356        0.57046         1.0538
            510      0.0033591        0.68224        0.24126        0.86869
            512      0.0037342         0.9999         11.382         11.412
            515      0.0042523         0.9952         4.8379         4.8506
            521      0.0043261         0.9999         10.904         10.931
            522      0.0043482         0.9999         10.861         10.886
            524      0.0042571         0.9999         10.667         10.688
            527      0.0042944         0.9999         10.777         10.804
            529      0.0043579         0.9999          11.59         11.623
            531      0.0032695        0.73901        0.35147        0.92555
            535      0.0048238         0.9999           10.8         10.829
            536      0.0045242        0.99976         9.8665         9.8967
            538      0.0047366         0.9999         11.091         11.119
            539       0.004712         0.9999         10.938          10.96
            544      0.0027879        0.41358       0.063858        0.78154
            552      0.0040208         0.9999         10.688         10.712
            554      0.0043591         0.9999         11.025          11.05
            555      0.0041879        0.99707         5.2362         5.2453
            558      0.0042837        0.99624         4.9657         4.9758
            560      0.0040222         0.9757          2.937         2.9698
            562      0.0044172         0.9999         10.618         10.642
            564      0.0043454         0.9999         10.867         10.892
            568      0.0041974         0.9999           11.1         11.125
            569      0.0042163        0.99871         6.5036         6.5123
            574      0.0040724        0.99931         7.3736          7.381
            576      0.0029242        0.41853       0.022336        0.76672
            578      0.0039798         0.9999         11.044          11.07
            582      0.0042611         0.9999         10.858         10.885
            584      0.0032112        0.60051        0.21212        0.85239
            586      0.0031318        0.60365        0.20269        0.84048
            588      0.0031265        0.77857        0.61702          1.062
            590      0.0041825         0.9999         10.875           10.9
            595      0.0045202         0.9999         10.567         10.595
            599      0.0044098         0.9999         10.916         10.947
            601      0.0046126         0.9999         10.703         10.726
            607      0.0049651         0.9999         10.852         10.877
            612      0.0043852         0.9999         10.781         10.806
            616      0.0040984         0.9999         10.914         10.938
            620      0.0031729        0.43545      0.0024133        0.75006
            621      0.0038586         0.9999         10.884         10.907
            623      0.0033919        0.78392        0.51114         1.0066
            626      0.0042821         0.9999         10.736          10.76
            627      0.0034734         0.7459        0.35059        0.92322
            632      0.0045194         0.9999         10.883         10.906
            634      0.0043411         0.9999         11.187         11.217
            635      0.0043744         0.9999         10.885         10.909
            636      0.0032767        0.60727        0.20543        0.84227
            637      0.0043054         0.9999         10.753         10.775
            638      0.0029526        0.61101        0.22203        0.85784
            640      0.0043705         0.9999         10.819         10.838
            642      0.0051894         0.9999         10.996         11.029
            657      0.0039212         0.9999         10.772         10.794
            658       0.004443        0.99727         5.2973         5.3064
            660      0.0029277        0.44799       0.021489        0.76478
            661      0.0045406         0.9999         10.969         10.995
            666      0.0044285         0.9999         10.864          10.89
            671      0.0042099         0.9999         10.695         10.721
            672      0.0033071        0.67916        0.29654        0.88618
            673      0.0031471        0.46944       0.032926        0.77023
            675      0.0045576         0.9999          10.96         10.981
            679      0.0046929         0.9999         10.922         10.947
            680      0.0046296         0.9999         11.077         11.101
            681      0.0039696         0.9999         11.326          11.35
            682      0.0044234         0.9999         10.675         10.696
            692      0.0046425         0.9975         5.4633         5.4716
            693      0.0045569         0.9999          10.98         11.002
            694      0.0039851         0.9999         10.853          10.88
            696        0.00449         0.9999         10.768         10.792
            703      0.0040019         0.9999         11.038          11.06
            710      0.0044994         0.9999         11.279         11.306
            713      0.0048406         0.9999         10.896         10.923
            714      0.0045065         0.9999         10.803         10.832
            715      0.0046449         0.9999         11.049         11.077
            718      0.0028353        0.48975        0.10814        0.79575
            720      0.0029251        0.75525        0.51715         1.0187
            727      0.0029296        0.48293        0.10435        0.79398
            729      0.0041766        0.97821         3.0895         3.1207
            733      0.0042668         0.9999         10.896         10.923
            736      0.0048083         0.9999         10.936          10.96
            737       0.004487         0.9999         11.139         11.166
            740      0.0028696         0.4211       0.032927        0.77072
            742      0.0030194        0.59218        0.21754         0.8529
            751      0.0032294        0.40195     1.7716e-05        0.74725
            756      0.0032234        0.44729     1.6062e-05        0.74399
            760      0.0046326         0.9999         10.966         10.991
            762      0.0043301         0.9999         10.836         10.863
            769      0.0028613        0.42053       0.026548        0.76742
            771      0.0031067        0.43967       0.059018        0.77389
            779      0.0030791        0.42258       0.032172        0.76969
            782      0.0045745         0.9999          10.95         10.977
            783      0.0046051         0.9999         10.912         10.934
            784      0.0048829         0.9999         10.938         10.968
            792      0.0044952         0.9999         10.678         10.705
            793      0.0050128         0.9999         10.996          11.02
            795      0.0031743        0.49731       0.095157        0.79001
            796      0.0044382         0.9999         11.042         11.069
            804      0.0043979         0.9999         10.806         10.833
            816      0.0030574        0.47607        0.10467        0.79464
            822      0.0047787         0.9999         10.802         10.832
            831      0.0030968        0.44141       0.062916        0.77872
            841      0.0052466         0.9999         11.071         11.094
            844      0.0014193        0.89616         1.9354         2.0782
            845      0.0040822         0.9999         10.726         10.755
            846      0.0040847         0.9318         1.5843         1.7423
            848       0.004559         0.9999         11.008          11.03
            854      0.0048784         0.9999         10.798         10.821
            857       0.002883        0.43402     1.2999e-05        0.73945
            860      0.0038529         0.9205         1.6347         1.7975
            865      0.0030523        0.47419        0.10054         0.7902
            875       0.003024        0.47952        0.13881         0.7983
            876      0.0044709         0.9999         10.689         10.713
            877      0.0045784         0.9999         11.186         11.211
            880      0.0044241         0.9999         10.807         10.836
            883      0.0050399         0.9999         11.027         11.053
            885       0.002978        0.44688        0.03157        0.76801
            902      0.0046724         0.9999         10.887         10.912
            904      0.0046208         0.9999         11.078         11.109
            909      0.0044064         0.9999         10.718         10.747
            912      0.0051377         0.9999         11.219         11.246
            916      0.0047996         0.9999         10.862         10.888
            917      0.0045596         0.9999         10.638         10.662
            919      0.0028439        0.46988        0.10207        0.79367
            925      0.0044102         0.9999         11.032         11.058
            930      0.0047335         0.9999          10.96         10.985
            931      0.0029776        0.49787         0.1612        0.82354
            936      0.0045695         0.9999         10.975         10.996
            938      0.0041167         0.9999         11.215         11.244
            943      0.0030912        0.35981     1.4819e-05         0.7411
            944      0.0044607         0.9999         11.233         11.263
            950      0.0041454         0.9999         11.104          11.13
            954      0.0028987         0.5066        0.16194        0.82505
            956      0.0046118         0.9999         10.774         10.802
            963      0.0047554         0.9999         10.924         10.949
            979      0.0043657         0.9999         10.784         10.808
            982      0.0046543         0.9999         10.712         10.733
            984      0.0046293         0.9999         10.947         10.975
            988      0.0041678         0.9999         11.133         11.156
            989      0.0028902        0.51599        0.17651        0.82735
            991      0.0046875         0.9999         11.124          11.15
            992      0.0029235        0.51925         0.1596        0.82279
           1003      0.0045022         0.9999         10.781         10.808
           1011       0.002956        0.44099      0.0079494        0.75609
           1017      0.0032958        0.44155     1.9025e-05        0.74823
           1019      0.0046735         0.9999         10.668         10.693
           1020      0.0031682         0.4646       0.049471        0.77318
           1022      0.0030552        0.53176        0.17859        0.83458
           1028       0.004598         0.9999         10.836         10.864
           1034      0.0031116        0.52077        0.14699        0.80399
           1042      0.0030832         0.5243        0.15956        0.82088
           1047      0.0029165        0.50878        0.16811        0.82527
           1048      0.0048395         0.9999         10.856         10.884
           1050      0.0045877         0.9999         11.143          11.17
           1051      0.0030644        0.52085        0.15812        0.81325
           1057      0.0047706         0.9999         10.812         10.837
           1062      0.0038442        0.86654        0.92953         1.2681
           1090      0.0027203        0.50321        0.16167        0.82375
           1162      0.0045651         0.9999         10.799         10.822
           1175       0.004607         0.9999         10.872         10.896
           1203      0.0043175         0.9999         11.263         11.301
           1222      0.0043319         0.9999         10.896         10.921
           1223      0.0046069         0.9999         10.849         10.872
           1233      0.0044803         0.9999          10.89         10.915
           1252      0.0033179       0.071723     1.7595e-05        0.74402
           1271      0.0046733         0.9999         11.021         11.045
           1293      0.0033486       0.079572     1.9657e-05        0.74999
           1313      0.0031471        0.42194      1.565e-05        0.74249
           1315      0.0031243          0.612        0.21756        0.85386
           1327      0.0046964         0.9999         10.819          10.84
           1433      0.0067833         0.9999         11.663          11.71
           1454      0.0045784         0.9999         10.888         10.915
           1455      0.0044522         0.9999         11.126         11.152
           1457      0.0023451        0.99966         10.403         10.486
           1459      0.0033203        0.22453     1.8108e-05        0.74747
           1463       0.004422         0.9999           10.9         10.925