      trialid       alpha_dup   learning_rate posterior_div_weight     validklp       validnll
             25         4.1395      0.0046518        0.50761        0.50308         2.4558
            115         1.7376      0.0052524        0.32289        0.30856         2.3392
            128         11.546       0.005153        0.26436     0.00035346         2.2962
            142         2.2978      0.0064401        0.29779       0.092103         2.3254
            146         14.853      0.0050878        0.26771     0.00043812         2.3063
            154         10.521      0.0053111        0.76461        0.73897         2.5419
            177         2.0298      0.0051163        0.40601        0.47562          2.429
            181          12.77     0.00067299        0.91574         2.0947          4.004
            194          6.401       0.005447        0.53913        0.45866         2.3964
            200         3.8699       0.005117         0.3357        0.11511         2.3286
            202         8.0154      0.0056053        0.39674        0.14697         2.3375
            203         4.6136      0.0057985         0.3633        0.13069         2.3291
            214          2.764      0.0056041        0.33231        0.14109         2.3304
            217         11.826      0.0045083         0.7133        0.71326         2.5167
            219         12.196      0.0031666        0.84535         1.0149         2.6904
            222         14.212      0.0071028        0.72358        0.62201         2.4959
            228         2.4196       0.004838        0.26823       0.088221         2.3213
            250         2.9305      0.0050382        0.40429        0.33796         2.3943
            263          7.823      0.0047941        0.57893        0.50001         2.4401
            264         12.881      0.0041172        0.76948        0.79408         2.5629
            265          4.914      0.0040545        0.70592        0.80849          2.568
            274         2.6295      0.0045402        0.57355        0.72554         2.5367
            280         9.2019      0.0055578        0.31763       0.064448         2.3183
            282         14.066      0.0048119        0.69707        0.61268         2.4937
            283         12.283      0.0051866        0.30882       0.055236         2.3181
            286         8.5079      0.0054298        0.62346        0.54895         2.4592
            287         5.9415      0.0049583        0.82318         1.4204         2.8378
            290         10.009      0.0051507        0.64174        0.58544          2.475
            295         5.1875      0.0036412        0.80797          1.851         3.1006
            297         8.8289      0.0048425        0.76915        0.81658         2.5773
            299         14.499      0.0050128        0.83881        0.88669          2.604
            301         15.822      0.0045743        0.66772        0.59318         2.4806
            303         2.6757      0.0058008         0.2689       0.045613         2.3164
            304         9.4235        0.00439        0.68107        0.68215         2.5146
            307         14.277      0.0046177        0.85001        0.92915          2.627
            309         11.999      0.0032844        0.83415         1.0064         2.6861
            310         11.497      0.0022254        0.89015         1.5808         3.0311
            327         15.968      0.0021658        0.86315         1.1234         2.8251
            331         3.3305      0.0052182        0.55449        0.57224         2.4629
            332         5.2724      0.0055685        0.67259        0.66651         2.5137
            355         4.6824      0.0042255        0.70817        0.85652           2.59
            356         15.709      0.0042045        0.74202        0.74738         2.5431
            359         10.732      0.0040887        0.71674        0.71377         2.5263
            364         4.3131      0.0045649        0.61511        0.66349         2.5088
            366         5.5148      0.0032026        0.74804        0.94418         2.6616
            379         6.3759      0.0094708         0.8403          1.621         3.0463