      trial_id   learning_rate posterior_div_weight     validklp       validnll
              5      0.0031452        0.63859         0.8966         2.4776
             31      0.0080347        0.77979        0.84128         2.3639
             35      0.0042669        0.99875         4.8143         5.7658
             50      0.0045583        0.54436        0.62479         2.2858
             51      0.0098236        0.79035        0.59552         2.2775
             61      0.0097559         0.9999         3.2282         4.6541
             63           0.01        0.65652        0.52031          2.242
             65      0.0045404        0.78173         1.0596         2.5146
             67      0.0048719        0.28428        0.37717         2.1883
             71      0.0044948       0.025698        0.12756         2.1023
             72           0.01         0.9999          3.449         4.8414
             80      0.0023577        0.77955         1.3277         2.8066
             82      0.0076498        0.61195        0.67135         2.3042
             85      0.0057032         0.9999         4.0287         5.3109
             88       0.005693        0.84878         1.1251         2.5758
             92      0.0075889        0.95426         1.2231          2.645
             96      0.0055815        0.99943         3.8157         5.0307
             98      0.0057231        0.99679          2.999         4.0969
            108      0.0024567        0.99033         2.6524         3.9813
            109      0.0071488        0.98375         1.6462          2.965
            112      0.0043033        0.67387        0.73868          2.349
            113      0.0065017        0.50782         0.5434         2.2504
            114      0.0045377        0.53867        0.61536          2.284
            121      0.0025139        0.98487         3.0095         4.1274
            127      0.0046298         0.9999         3.6282         5.0049
            136      0.0068363        0.46924        0.44448         2.2048
            138      0.0037237        0.80589         1.2584         2.6468
            140       0.004878      -0.049264            0.0         2.0627
            141      0.0085995        0.99153         2.0203         3.3857
            144      0.0046239         0.9999            5.0         8.1706
            147      0.0065166        0.99337         2.5119         3.7126
            151      0.0024048        0.75362         1.2917         2.7641
            161      0.0098604        0.99147         1.9122         3.3605
            164      0.0052758        0.78397         1.0176         2.4987
            165       0.003077        0.76726         1.1796         2.6438
            166      0.0076609        0.73768        0.67839         2.3487
            170      0.0088839        0.98258         1.7333         3.0933
            177       0.009651        0.95211         1.2913         2.7496
            179           0.01        0.41062        0.31816         2.1802
            185      0.0040878        0.90874          1.563         2.8538
            186      0.0028205        0.97165         2.3935         3.6116
            187      0.0039436        0.91763         1.6702         2.9667
            189      0.0051332        0.95357          1.608          2.957
            190      0.0035516        0.98892         2.2165         3.5295
            194      0.0072844        0.98929         2.1828         3.3907
            200       0.008298        0.31787        0.28358         2.1435
