      trialid   learning_rate posterior_div_weight     validklp       validnll
             29      0.0050341        0.88945         1.4565         2.7615
             32      0.0066603        0.18373     0.00016995         2.0861
             77      0.0071859        0.46738     0.00018842         2.0979
             94      0.0047247         0.9506         2.3694         3.6788
            101      0.0047037        0.82998        0.90959         2.4739
            104      0.0055307        0.94227         2.2587         3.3529
            107      0.0037729        0.98369         4.5229          5.702
            110      0.0053895        0.92021         1.9662         3.0837
            115        0.00353        0.96907         3.4267         4.4681
            124      0.0028411        0.98041          4.214         5.4324
            128      0.0035421        0.93645         2.3387         3.6195
            130           0.01        0.99808         4.8872         8.3664
            135     0.00022659        0.99857         5.9457         10.567
            163      0.0066301        0.82071        0.33498         2.2128
            165      0.0064999        0.80834        0.33208         2.2104
            169      0.0061486        0.56552        0.14539         2.1262
            180      0.0095501        0.99971          10.52         11.279
            182      0.0067372         0.9465         2.3366         3.5993
            196      0.0038461        0.77164        0.94632         2.5116
            198      0.0047666        0.94222         2.3421          3.627
            201       0.004323        0.96032         2.9666         4.0916
            203      0.0058204        0.97413         3.4947         4.7547
            209      0.0071338         0.6479        0.15406         2.1434
            211      0.0070528        0.63716        0.15271         2.1334
            213      0.0062039        0.99956         10.402         11.107
            216      0.0045415        0.98075         4.4039         5.5699
            220      0.0033548        0.97285         3.8417         4.7794
            232      0.0044354        0.88622         1.6036         2.8472
            241      0.0097675        0.99802         4.8723         8.3309
            242       0.004839         0.9999           12.0         12.921
            249      0.0051991         0.9999          11.87         12.653
            280      0.0050544        0.99917         9.9306         10.668
            287      0.0059335        0.56133        0.14158         2.1052
            293      0.0055651        0.98742         4.6907         5.9221
            296       0.005493        0.55568        0.14715         2.1282
            299      0.0051344         0.9999         11.996         12.725
            302      0.0059855        0.76988         0.3194         2.1867
            317      0.0065747        0.80068        0.32996          2.207
            322      0.0059481        0.62895        0.26755           2.16
            326      0.0065772         0.9999         11.542         12.235
            332      0.0057691        0.99964         10.599         11.335
            336      0.0059273        0.63882         0.2749         2.1671
            349      0.0046878        0.79131        0.73601         2.3814
            353      0.0067906         0.9999         11.758         12.496
            354      0.0061978         0.9999         11.648         12.399
            373      0.0046865        0.73744         0.4449         2.2526
            374      0.0063189        0.99981         11.293         11.999
            379      0.0065948         0.9999         11.929         12.697
            386      0.0098572        0.99866         4.9691          8.494
            387      0.0056929        0.80984        0.47415         2.2643
            403      0.0055352        0.80037         0.5764         2.3057
            404      0.0051691        0.81919        0.61889         2.3342
            412      0.0098619        0.99858         5.1634         8.7268
            414      0.0088543        0.99953         10.082         10.837
            425      0.0092695        0.99949          9.902         10.623
            434       0.007675        0.18675     0.00019896         2.0981
            449           0.01        0.99929         5.5117         9.0768
            456      0.0057112         0.7649        0.43436         2.2479
            466      0.0047478        0.77393        0.70146         2.3752
            470      0.0053501        0.74577        0.41412         2.2403
            472           0.01        0.99985         11.043         11.856
            473      0.0047086         0.7292        0.53594         2.2963
            478      0.0051773        0.97066         3.1751         4.3314
            495      0.0070804         0.9999         11.615          12.33
            503      0.0071268         0.9999         11.585         12.319
            506      0.0067623          0.874        0.78793         2.4401
            508      0.0057286        0.79073        0.45502         2.2535
            509      0.0053032        0.80607        0.59691         2.3273
            514      0.0070363         0.9999         11.657         12.399
            520      0.0072141        0.87891        0.94031         2.5087
            528      0.0055534        0.78439        0.32698         2.1978
            532      0.0080154         0.9999         11.749         12.446
            535      0.0074837         0.9999         11.583          12.28
            544      0.0056396        0.75295        0.31885         2.1864
            546      0.0050137        0.79369        0.60613         2.3316
            549      0.0059503        0.70143        0.29832         2.1713
            550      0.0072544         0.9999         11.854          12.58
            551      0.0080526        0.99958         10.254         10.953
            558      0.0079746        0.99958          10.22         10.929
            570      0.0079824         0.9999         11.339         12.122
            577      0.0083245        0.99832         4.6915         8.2267
            586      0.0080745         0.9999         11.645         12.372
            588      0.0077086        0.99863         4.9949         8.6183
            592      0.0057787        0.72976        0.30944         2.1808
            595      0.0075289        0.99924         5.5271         9.1157
            597      0.0079201        0.99846         5.1148         8.6897
            604      0.0078647        0.99979          11.03         11.767
            609      0.0076692        0.99969         10.557         11.281
            613      0.0075843         0.9999         11.479         12.156
            620      0.0079389        0.99944         5.6667         9.2047
            630      0.0081193         0.9999         11.321         12.097
            634      0.0078478        0.99818          4.909         8.4723
            640      0.0077763        0.99882          5.361          8.901
            643      0.0081857         0.9999         11.647         12.388
            651      0.0080122         0.9999         11.818         12.557
            658       0.005688        0.76144        0.43147         2.2441
            669      0.0046095        0.78812        0.70004         2.3744
            671      0.0058567        0.80584         0.4624         2.2621
            674      0.0047607        0.80659        0.73639         2.3954
            684       0.005949        0.74307         0.3093         2.1764
            710      0.0057923        0.78138        0.44227         2.2489
            741      0.0065294        0.26971     0.00016925         2.0755
            745       0.008221         0.9999         11.672         12.414
            749      0.0057099        0.79669        0.46112         2.2611
            750      0.0051265        0.79135        0.47471         2.2657
            753       0.006557        0.79258        0.32772         2.1986
            754      0.0083933         0.9999         11.306         12.086
            755      0.0061835        0.68909        0.28927         2.1707
            757      0.0058974         0.7893        0.44121         2.2484
            761      0.0066274        0.80926        0.32967         2.2058
            762      0.0051117        0.83396         1.0382         2.5202
            763      0.0094214         0.9999         11.692         12.418
            765      0.0049884         0.9999         11.976         12.718
            768      0.0054683        0.78568        0.45964         2.2549
            772      0.0055842        0.79809        0.58532         2.3127
            779      0.0060228         0.1476     0.00014062         2.0733
            782      0.0065773        0.36021     0.00016954         2.0824
            788      0.0062915        0.79039        0.32352         2.1952
            797       0.005745        0.81577        0.59565         2.3172
            800      0.0045661        0.80455        0.90231         2.4506
            826      0.0054135        0.76126        0.54398         2.2988
            833      0.0058904        0.53834        0.20743         2.1526