      trialid   learning_rate posterior_div_weight     validklp       validnll
              4      0.0016452        0.34144        0.40008        0.78802
             12       0.003622        0.16154        0.17885        0.68572
             23      0.0035245      -0.023842            0.0        0.60678
             65      0.0022991        0.20126        0.29114        0.71482
             77     0.00075673        0.50332        0.44114        0.99617
             78      0.0013265         0.4601         0.4277        0.83402
             89      0.0029513        0.41247        0.34419        0.73544
            110      0.0016423        0.58435        0.40065        0.80711
            116      0.0017311        0.35597         0.3773        0.76781
            118      0.0017541        0.29797        0.31685         0.7316
            120     0.00090556        0.36746        0.43304        0.92439
            124     0.00093616        0.38748        0.42961        0.91949
            136      0.0025622       0.061433        0.10567        0.62983
            138      0.0033611       0.023687       0.013249        0.62582