      trialid       alpha_dup   learning_rate posterior_div_weight     validklp       validnll
             36         8.8371      0.0018233        0.98355        0.84841         1.1163
             65         1.9526      0.0027603        0.64216         0.6349        0.89396
             73         3.6168     0.00099348         0.9999        0.84851         1.2727
             74         2.8771      0.0033189        0.11292        0.18883        0.66761
             75         8.7779      0.0037928        0.92619        0.84212         1.0493
             77         7.1429       0.003483        0.46089        0.50486        0.82403
             79         1.9622      0.0030465          0.347        0.40849        0.76189
             82          8.014      0.0021833        0.53473        0.63416        0.88647
             84         6.6827      0.0018997        0.42039        0.54248        0.83376
             87         12.291      0.0016384        0.20189        0.42602        0.79486
             90         2.3249      0.0033936       0.012424       0.014105        0.62423
            101         6.4188      0.0031125        0.55727        0.58082        0.84357
            102         13.795      0.0030383        0.67679        0.79803        0.99091
            107         8.2793      0.0027772         0.1292        0.24846        0.69207
            108         10.717       0.002399        0.99853        0.84785         1.0928
            112         4.2972      0.0031081        0.88047        0.83623         1.0306
            114         1.2728      0.0031063        0.46858        0.48855        0.79578
            116          1.155      0.0057757         0.9999        0.85006         1.4284
            121         11.208      0.0037836        0.33396        0.42823        0.79524
            124          1.897      0.0040419     -0.0064889            0.0        0.61429
            134         9.3262       0.003967        0.62364        0.69364        0.92645
            135         2.2058      0.0016364        0.56037        0.63605         0.9103