      trialid       alpha_dup   learning_rate posterior_div_weight     validklp       validnll
             27         12.175        0.00488        0.44731          0.639         2.1511
             36         8.8551      0.0039946         0.9999        0.84774         2.3822
             70         7.8029       0.004623        0.30879        0.42905          2.123
             73         4.0889        0.00459         0.8526        0.84177            2.3
             78         11.201      0.0039037        0.76907        0.83928         2.2749
             81         13.584      0.0044617        0.37043         0.5752         2.1418
             96         1.7329      0.0047654        0.32246        0.43383         2.1316
             97         7.1458      0.0055985        0.48121        0.53746         2.1345
            104         12.871       0.004103         0.4706        0.66973         2.1749
            114         11.284      0.0055334       0.056829        0.13333         2.0818
            128         15.444      0.0055224        0.99451        0.84721         2.3529
            143         9.0818      0.0040048        0.79532        0.83909         2.2644
            144         9.4371      0.0042499        0.74349        0.83391         2.2312
            170         10.349      0.0036638        0.50878        0.71524         2.2022
            172         5.1445      0.0049398        0.29143        0.41345         2.1131
            183         13.388      0.0041844        0.60633        0.82977          2.229
            193         15.527      0.0053438        0.91539         0.8458         2.3055