      trialid       alpha_dup   learning_rate posterior_div_weight     validklp       validnll
             24         2.4989       0.007915        0.90499        0.53778         2.9086
             48          15.58       0.009172        0.85281        0.57397         2.9956
             57        0.87173      0.0050512        0.96113        0.45863         2.7398
             63         15.929      0.0041553         0.9999        0.52114         2.8286
            132         13.629      0.0058251        0.53678        0.13906         2.4294
            137         1.1275      0.0057909        0.97883          0.392         2.7243
            153         3.5975      0.0080925         0.9221        0.52765         2.8715
            168         10.705      0.0059701        0.25298       0.048139          2.321
            174         1.1288       0.005679        0.53229       0.079815         2.3378
            179         1.2008      0.0068314         0.5209        0.20497         2.4919
            180         7.0341      0.0045904        0.97596        0.35227         2.6417
            184         5.2326      0.0037903        0.90382        0.26297         2.5722
            189          1.017       0.006071        0.77851        0.18179         2.4817
            191         0.9048      0.0059619        0.90171        0.42169         2.7316
            192         3.6233      0.0033609         0.9999        0.37461          2.698
            193         8.1087      0.0045025        0.96284        0.30247         2.5755
            195         13.617        0.00492         0.9392        0.31194          2.599
            200         1.7629      0.0051225        0.74104        0.16823         2.4303
            203          1.373      0.0064633        0.83449        0.33361         2.6082
            205         8.8826      0.0050717         0.9126        0.36206         2.6629
            209         13.011       0.008315         0.9999        0.57243         2.9908
            212         7.0167      0.0043458        0.84512         0.2379         2.5384
            213         1.7575      0.0039226        0.88768        0.25434         2.5721
            217         5.0152       0.003998        0.99608        0.47201         2.7862
            218         2.2768           0.01        0.98805        0.67288          3.147
            224         1.1919           0.01        0.91977        0.62818         3.0875
            230         6.0096      0.0057302        0.65268       0.098607         2.3515
            232         6.4202      0.0058332        0.59536        0.13167         2.4081
            235          3.873      0.0056909        0.70223        0.21441          2.494
            236         8.5776      0.0046971        0.81918        0.23311         2.5239
            238         1.2035      0.0040649      -0.017659            0.0          2.314
            240         2.1785      0.0055704        0.74647        0.13401         2.4199