      trialid   learning_rate posterior_div_weight     validklp       validnll
             21      0.0099898        0.44195        0.27162         2.7038
             44      0.0098765        0.45678        0.18218         2.5427
             65      0.0099636         0.3407        0.18884         2.5642
             76      0.0034267        0.84982       0.052719         2.3543
            111           0.01        0.46454        0.25664         2.6488
            128       0.009915        0.35802        0.33401         2.7862
            164       0.009736        0.32385        0.31741         2.7499
            181       0.003722        0.93365        0.12672         2.4054
            187      0.0085076        0.43682        0.17799         2.5357
            188      0.0096257        0.21007        0.14706         2.4814
            191      0.0065423        0.20553       0.038851         2.3326
            205      0.0098521        0.33198        0.22053         2.6354
            207      0.0065377         0.6768       0.018135         2.2868
            214      0.0056355        0.50471       0.010864         2.2767
            221      0.0037609         0.9399        0.11529         2.4007
            224      0.0035499        0.82201       0.038927         2.3416
            225      0.0090848        0.46225        0.21375         2.5742
            226      0.0039347        0.92966        0.10783         2.3856
            229      0.0063233        0.25811       0.034738         2.3111
            239      0.0099165        0.42782        0.36633          2.809
            253       0.006477        0.13952       0.018275         2.3089
            261      0.0093786        0.21376        0.21785         2.6324
            263       0.004067        0.90158       0.082457         2.3703
            264      0.0045064        0.91205       0.072617         2.3645
            283      0.0042759        0.90086       0.083135         2.3726
            286      0.0099137        0.48205        0.30251         2.7447
            289           0.01         0.3498        0.21653         2.6136
            291      0.0092874        0.44994        0.28007          2.735
            295       0.003869        0.84313       0.052123         2.3425
            299      0.0089309        0.36926          0.196         2.5655
            303      0.0038338        0.88756       0.070478         2.3612
            309      0.0034148        0.98384        0.13013         2.4286
