      trialid       alpha_dup   learning_rate posterior_div_weight     validklp       validnll
             20         2.0032      0.0067686       0.057029       0.044318         2.3239
             72        0.86037      0.0077499        0.92302        0.85237         3.5823
             89         3.3506      0.0056515        0.68957        0.47966          2.782
            104         4.4343      0.0043484        0.66084        0.25345         2.4942
            107         5.8414      0.0050543        0.52519        0.18967         2.4341
            108         9.6108      0.0061138        0.23826       0.094063         2.3734
            115         4.6015      0.0069408        0.68533        0.47409         2.7762
            120           16.0      0.0061579        0.89198         0.5067         2.7993
            125        0.95444      0.0080903        0.39148        0.85237          3.674
            136         14.079      0.0086853         0.6358        0.59245         2.9522
            158         5.2045      0.0098508        0.59986        0.67387         3.1348
            159            6.7      0.0057006        0.68676        0.22097          2.483
            176         6.3474      0.0082628        0.74468        0.58087         2.9237
            178         8.2037      0.0055785         0.4537        0.14808         2.4201
            186         6.5875      0.0077021        0.65874        0.52394         2.8472
            187        0.86188      0.0096709        0.99954        0.85237         3.6558
            196         1.6927      0.0054569        0.23095       0.084259         2.3486
            224         5.7161      0.0056198        0.58567        0.26805         2.4979
            239         2.9314      0.0059277        0.55794        0.36876         2.6058
            242         5.6274      0.0093328        0.58381         0.5816         2.9406
            243         9.4053      0.0087753        0.66291        0.53461         2.9234
            275         7.5676      0.0051746        0.64537        0.32321         2.5524
            287          6.067      0.0060443        0.61326        0.28238         2.5309
            294         2.5385      0.0057192        0.35033        0.13487         2.4086
            300         13.931      0.0076864        0.72484        0.64587         3.0053
            319         4.3067      0.0089893        0.59521        0.53185         2.9073
            322         2.0071      0.0043951      -0.011686            0.0         2.3151
            327         3.7703      0.0086383        0.55336        0.61312         2.9808
            336         5.6464      0.0069108        0.69525        0.45867         2.7322
            350         6.5182      0.0060523        0.61825        0.45046         2.6994
            351         3.8424      0.0043139        0.46907        0.11794         2.3795
            358           16.0      0.0056431        0.79464        0.40531         2.6613
            363           0.86      0.0034335        0.80247        0.85237         3.3039
            364           0.86      0.0032349        0.43858        0.85237         3.2341
            365           16.0      0.0072959        0.60423          0.459         2.7405
            374         6.2964      0.0056719         0.6951        0.34362          2.575
            377        0.86001       0.006425        0.19528        0.85237          3.257