      trialid   learning_rate posterior_div_weight     validklp       validnll
             38      0.0065188         0.2448        0.19992         2.2966
             91      0.0016942        0.40676        0.40012         2.5938
            141      0.0031348        0.54021        0.37696          2.413
            195      0.0037257        0.28434        0.28136         2.3205
            246      0.0022088        0.45738        0.38424         2.5013
            397      0.0032127        0.44353        0.36885         2.3888
            405      0.0037362        0.27313        0.28605         2.3261
            483      0.0035442        0.40252        0.35656           2.37
            490      0.0035016        0.41502         0.3419          2.346
            515      0.0030266         0.4365        0.37844         2.4258
            524      0.0012535        0.47972        0.40385          2.727
            540      0.0039818        0.18147        0.24083         2.3053
            557      0.0036246        0.41996        0.36091         2.3734
            585      0.0040616          0.154        0.21404         2.3016
            610      0.0036494        0.40464        0.34439         2.3541
            715      0.0043305        0.23406        0.26056         2.3108
            731      0.0034856        0.38404        0.36465         2.3865
            776       0.003835        0.27267        0.27665         2.3159
            777      0.0036627        0.41951        0.35345         2.3588
            783      0.0038046        0.35542         0.3402         2.3357