      trial_id   learning_rate posterior_div_weight     validklp       validnll
             65           0.01      -0.041231            0.0         2.0829
             70           0.01        0.94837        0.02325         2.2033
            166      0.0099832        0.90731       0.012256         2.1251
            281           0.01        0.97886      0.0066897         2.1093
            435           0.01         0.2319      0.0077596         2.1235
            534      0.0099829        0.99944       0.014755         2.1726
            556      0.0099998        0.35464        0.02082         2.1776
            595           0.01        0.65998       0.025633         2.2236
            597           0.01        0.85772       0.028268         2.2306
            614           0.01        0.75364        0.01657         2.1729
            619           0.01        0.39529       0.013411         2.1578
            639           0.01        0.21855       0.023996         2.2159
            681           0.01        0.87674        0.02598         2.2301
            712           0.01        0.81024       0.035275         2.2451
            772      0.0093359        0.79292       0.007741         2.1201
            804           0.01        0.68593       0.014283         2.1651
            841           0.01        0.88865       0.013068         2.1363
            854      0.0077982        0.16028      0.0045562         2.0948
            879           0.01        0.86467      0.0074596         2.1151
            897           0.01        0.77334       0.032983         2.2319
            916           0.01        0.20392       0.005471         2.1093
