      trialid   learning_rate posterior_div_weight     validklp       validnll
              1          0.001        0.47495        0.39862         3.1905
             13      0.0033223       0.014514       0.077163         2.7241
             90      0.0025052        0.36292        0.34579         2.7837
             94      0.0024585        0.36841        0.34364         2.7837
             98      0.0020323        0.48845        0.38639         2.8676
            110       0.002643        0.25076        0.30457         2.7491
            143      0.0031484        0.33411         0.3064         2.7622
            144      0.0018635        0.45678        0.39107         2.8876
            147      0.0019944        0.45308        0.38629         2.8571
            154      0.0028606        0.43207        0.32067         2.7724
            175      0.0027098       0.036029        0.10624         2.7283
            205      0.0020975        0.48515        0.38507         2.8446
            209      0.0021404         0.4645         0.3846         2.8439
            211      0.0026824         0.4242        0.35039         2.7863
            213      0.0025459        0.47505        0.35747         2.8034
            214      0.0023508        0.47619        0.37605         2.8243
            215      0.0026807        0.44695        0.35225         2.7996
            226      0.0027513        0.37475        0.32925         2.7799
            228      0.0022999        0.35536        0.36213         2.8075
            229      0.0025839        0.33248          0.318         2.7645
            234      0.0025606        0.30637        0.32034         2.7678
            235      0.0022738        0.36973        0.36816           2.81
            243      0.0030759       0.068632        0.16584          2.735