      trialid   learning_rate posterior_div_weight     validklp       validnll
              1          0.001        0.47495        0.41307         1.1219
              9      0.0035337         0.2793        0.23963        0.79396
             68      0.0030525      -0.045445            0.0        0.71315
             72       0.002445        0.53389        0.36619        0.86178
             74      0.0031636         0.1944        0.19226        0.76479
             82      0.0023256        0.25955        0.31322        0.82398
             85      0.0022733       0.015064       0.064675         0.7489
             90     0.00097704        0.55765        0.44388         1.1457
             93      0.0013559        0.65776         0.4062         1.0047
            106      0.0020845        0.44606        0.39088        0.87747
            129      0.0027669        0.20569        0.25235        0.79706
            131      0.0025731        0.68793        0.32575        0.85974