      trial_id       alpha_dup   learning_rate posterior_div_weight     validklp       validnll
             49         7.4582      0.0040148         0.9999        0.85651         2.4602
             50         15.882      0.0088502        0.45841        0.53055         2.1283
             79          13.94      0.0075364        0.64181        0.76283         2.1858
             95          7.248      0.0071653        0.92664        0.85148         2.2593
            101         15.764      0.0068007         0.9999        0.85599         2.3101
            109         7.7695      0.0040261        0.43343        0.54969         2.1462
            110         10.201      0.0056592        0.01735       0.015511         2.0478
            114         9.1777      0.0050262         0.7489        0.84502         2.2142
            128         2.5873      0.0081333         0.9999        0.85632         2.3656
            151           16.0      0.0070375        0.79754        0.84801          2.241
            159         5.6251      0.0038737        0.55271        0.62335         2.1626
            168         8.7902      0.0057867         0.3166        0.42357         2.0583
            179         8.0261      0.0041829        0.32637        0.47559         2.1156
            185         15.355       0.004703        0.57926        0.78678         2.2021
