      trialid   learning_rate posterior_div_weight     validklp       validnll
              9      0.0070921        0.60259       0.098921         0.9133
             17       0.003917        0.13339      0.0030285        0.62786
             43      0.0042485         0.4779      0.0039251        0.65666
             82      0.0040099        0.50163      0.0087484        0.71919
            133      0.0040683        0.22138      0.0078891         0.7124
            167      0.0065702        0.87457       0.012189        0.76353
            168       0.006344        0.98477       0.012022         0.7627
            175      0.0065993        0.41848       0.021498        0.77994
            179      0.0072416        0.93879        0.17852          1.032
            186      0.0066055        0.72901       0.070828        0.85848
            187      0.0039161       0.068155      0.0048173        0.70047
            189      0.0065587       0.077647       0.036379         0.7938
            193      0.0067943        0.29838        0.11186        0.91494
            196      0.0026204       0.097889     0.00059723        0.62323
            201       0.008333        0.29421        0.27815         1.1967
            215      0.0074718        0.81311        0.19955         1.0834
            216      0.0042726        0.22551      0.0074996        0.70296
            219      0.0079198         0.1284        0.25031         1.1691
            220      0.0085195        0.15117        0.33355         1.2943
            222      0.0077479        0.64137        0.22622         1.1271
            223        0.00839        0.18805        0.24705         1.1554
            224      0.0083247        0.22957        0.13204         1.0017
            227      0.0082013        0.76919        0.37523         1.3511
            228      0.0085168        0.96472        0.42568         1.4022
            236      0.0086565        0.26746        0.29506         1.2661
            250      0.0056246        0.43337      0.0042574        0.69546