      trialid   learning_rate posterior_div_weight     validklp       validnll
             16      0.0032384      -0.025297            0.0         2.7335
             39           0.01         0.9754        0.50938         3.5476
             50      0.0035179         0.9999       0.014108         2.7753
             56           0.01        0.43863        0.41439         3.4139
             79      0.0079896        0.18328        0.38295         3.3341
            101      0.0039936        0.25778       0.033401         2.8132
            103        0.00756         0.9749        0.36456         3.2897
            105       0.006989         0.9916          0.259         3.1154
            113      0.0055555        0.83979       0.071386         2.8545
            116      0.0028662        0.57741      0.0055174         2.7711
            119      0.0063377        0.63723        0.10095         2.8963
            122      0.0047381        0.98447         0.1383         2.9613
            123      0.0072707        0.23012        0.29427         3.1921
            144      0.0044129        0.18955       0.052921         2.8524
            149        0.00344        0.23712       0.012441         2.7723
            151      0.0059077        0.51639        0.24667          3.104
            159      0.0070774        0.91514         0.2824         3.1691
            163       0.008535         0.9999        0.33607         3.2879
            164      0.0034385         0.9999       0.012539          2.774
            168      0.0087252        0.95165        0.44825         3.4155
            169      0.0058599        0.96844        0.10687         2.9087
            175      0.0081512        0.97504        0.50148         3.4623
            185      0.0067197        0.99622        0.22203         3.0623
            193      0.0090072        0.32806        0.39023         3.3356
            194           0.01        0.52354        0.53469         3.6473
            198      0.0064222       0.099382        0.19444         3.0322
            201      0.0059957        0.51061         0.1337          2.955
            203      0.0030106        0.47995       0.016504         2.7847
            206           0.01        0.40611        0.54748         3.6586
            209      0.0065687         0.9999        0.15779         2.9672
            210      0.0099608        0.98322        0.51384         3.5676
            217      0.0040732        0.99775       0.047487         2.8182
            218      0.0057787        0.25879        0.12199          2.919
            221      0.0060522        0.28531        0.19328         3.0016
            225      0.0065257        0.18932        0.13656         2.9572
            232      0.0068235        0.53285         0.2742         3.1385
            237      0.0060652        0.99965        0.31326         3.2227
            242      0.0064302        0.17564        0.20512         3.0332
            246      0.0033446        0.75262      0.0084112          2.772
            254           0.01        0.61146        0.61207         3.7221
            259      0.0086828        0.45319        0.51091         3.5667
            262      0.0058843        0.32911        0.13156         2.9212
            263      0.0053617        0.11314       0.098406         2.8701
            267      0.0056017        0.71967       0.082775         2.8674
            272      0.0068086        0.37707        0.16662         2.9838
            278       0.008421        0.99825        0.48615         3.4183
            281      0.0085724        0.15118        0.33209         3.2417
            288      0.0044019        0.65581       0.052702         2.8401
            292       0.005513        0.45484        0.10238         2.9061
            294      0.0085446         0.9999        0.41427         3.3727
            297      0.0065948        0.97391        0.27346         3.1277
            298      0.0063899        0.21232        0.23934         3.0781
            299      0.0040712        0.58953       0.033363         2.7849
            307      0.0043736         0.6092       0.051151         2.8376