      trial_id   learning_rate posterior_div_weight     validklp       validnll
             42       0.009506        0.41797        0.15029         2.4178
             92      0.0076522        0.97904       0.045888          2.223
             94       0.005453      -0.048716            0.0            2.1
            102           0.01        0.37468        0.22725         2.5413
            125      0.0090108        0.92541        0.20557         2.4625
            149      0.0092997        0.52156        0.17735         2.4229
            170      0.0064373        0.32619       0.022483         2.1473
            178      0.0058812        0.30753       0.016859         2.1213
            181      0.0063428        0.82661       0.020136         2.1286
            185      0.0063316        0.93802       0.025205         2.1479
            192      0.0053035        0.95142      0.0097909         2.1052
            199      0.0069117        0.95882       0.043068         2.1878
            206      0.0057188         0.6113       0.014976         2.1084
            223      0.0062362        0.36954       0.031272         2.1523
            240      0.0079617        0.23193       0.079401         2.2575
            251      0.0075385        0.35109       0.055933         2.2265
            260      0.0090191        0.43555        0.13902         2.3872
            270      0.0083987        0.47105        0.10621          2.315
            273      0.0069854         0.9999       0.021059          2.138
            277      0.0085299        0.99124        0.10341         2.2972
            282      0.0088796        0.88472        0.13309         2.3676
            284      0.0063062        0.86739       0.034167         2.1605