      trialid       alphadup   learningrate posteriordivweight     validklp       validnll
             19         2.3921      0.0051803        0.38473        0.03878         2.1799
             78          2.213      0.0050724        0.40255        0.03896         2.1934
             87         2.9562      0.0091983        0.99937        0.66607         3.0325
            107         4.1207      0.0051657        0.51982       0.065268         2.2038
            119           16.0           0.01         0.9999        0.69029         3.0628
            136         1.0225           0.01        0.95968        0.65861         3.0043
            137         2.4787      0.0047607        0.92231        0.42961         2.5875
            142        0.98042      0.0043929        0.87739        0.28434         2.4505
            144         2.5098      0.0040342        0.99893        0.43877         2.6042
            183           16.0      0.0056754         0.9999        0.51777         2.6873
            210           0.86      0.0098245         0.9999        0.67268         3.0463
            212         1.0416      0.0042634        0.83115        0.27163         2.4446
            238        0.97248      0.0043448         0.9999         0.4617         2.6075
            248         1.2037      0.0057494        0.22664       0.039727         2.1953
            250           16.0      0.0054839         0.9999        0.56035         2.7472
            260         15.864      0.0099679         0.9999         0.6432         2.9993
            285         5.1397      0.0052328        0.57057        0.11401         2.2499
            290         4.9784      0.0060242        0.76527        0.30083         2.4669
            291         11.738      0.0049786        0.60847       0.086141         2.2199
            294         1.3845           0.01        0.99693        0.70208         3.0706
            297         6.6835      0.0056267        0.59715       0.086772         2.2419
            305         3.3613      0.0051668         0.6017        0.12674          2.276
            319         15.197      0.0057565        0.19957       0.026411         2.1795
            327         11.203      0.0048487        0.99987        0.43361         2.5923
            336           16.0      0.0050095        0.15971       0.017921         2.1692
            341         5.0862      0.0040758         0.9638         0.3399         2.5114
            351         4.4701      0.0057685        0.80701        0.39546         2.5634
            370        0.94721      0.0059516        0.51761        0.13623          2.283
            381         2.2964      0.0056531        0.59611        0.10724         2.2451
            385         0.9227       0.005627        0.75365        0.31833         2.4806
            386          12.24      0.0065578        0.80229        0.35678         2.5241
            387          15.35      0.0052267         0.9999        0.55601         2.7131
            397         14.733       0.005722         0.9999        0.52339         2.6995
            404         14.135      0.0053561        0.89422        0.47832         2.6448
            410           16.0      0.0059445         0.9999        0.63459          2.836
            420           16.0      0.0059967         0.9999        0.52759         2.7074
            453         6.6788      0.0067871         0.9999        0.53361         2.7076
            468         4.1622      0.0058785        0.56909        0.16451         2.3068
            470        0.95544      0.0054679        0.65249        0.19741           2.36
            476         1.2315      0.0053574        0.61763        0.11465         2.2625
            489         14.584      0.0055907        0.54382        0.16158         2.2968
            529         4.6386       0.004397        0.95286        0.38935         2.5539
            535         6.5618      0.0055795         0.6436         0.1534         2.2936
            539           0.86      0.0037819        0.98963        0.41073         2.5736
            541          13.82      0.0051174        0.87696        0.36986         2.5334
            542         15.552      0.0047463        0.92393         0.3846         2.5527
            544        0.93373      0.0052681        0.85548        0.29655         2.4529
            548         7.6385      0.0044506        0.93382        0.36184         2.5281
            555        0.91803      0.0050309        0.86493        0.29091         2.4507
            563         15.894      0.0044773        0.92236        0.34354          2.518
            574         6.1029      0.0048719         0.9999        0.47367         2.6411
            576        0.89526      0.0055841        0.71201        0.17977         2.3314
            577           16.0      0.0045062        0.92731        0.30848         2.4739
            583        0.86375      0.0060566        0.79064        0.34033         2.5137
            586         9.7435      0.0043964         0.9443        0.38458         2.5471
            588         12.255      0.0052765        0.84338        0.33689         2.4864
            594         4.2106      0.0055538        0.85081        0.25129          2.407
            596           16.0      0.0049739         0.9999        0.53576         2.7101
            607           16.0       0.004979         0.9999        0.51748          2.652
            611         15.346      0.0045375         0.9999        0.46863         2.6204
            612          4.297      0.0059126        0.70949        0.37081         2.5417
            624        0.93649      0.0044419        0.98564        0.50519         2.6476
            625           0.86      0.0055997        0.68367        0.23914         2.3694
            627         15.882      0.0045071        0.91273        0.37245          2.542
            631         3.2767       0.004475        0.92479        0.33747         2.5099
            637           0.86      0.0052765         0.9999        0.42552         2.5741
            642        0.92035      0.0054673        0.70876         0.1826         2.3448
            643        0.86435      0.0058149         0.9999        0.56967         2.7503
            651         1.5915      0.0058428        0.64462        0.26942         2.4161
            660        0.88756        0.00508         0.9999        0.59495         2.7614