      trialid       alpha_dup   learning_rate posterior_div_weight     validklp       validnll
             12         3.2597      0.0051037        0.61333        0.62424         2.3552
             23         7.4692      0.0043636        0.14517        0.25916         2.2614
             37         1.8316      0.0048421       0.067216        0.14562         2.2516
             75         3.7843      0.0048646        0.64705        0.66686         2.3637
             76         3.4395      0.0046151         0.3786        0.48501         2.2877
             94         14.457      0.0035561        0.73391        0.83277         2.4597
            101         9.6685      0.0051866        0.62424        0.74936         2.3825
            110         6.4201       0.003869       0.077176        0.17739         2.2597
            116         3.6086      0.0051242        0.57689        0.56913         2.3316
            128         1.6711      0.0023818        0.99698        0.84727         3.0393
            135         8.8641        0.00232        0.99954         0.8448          2.733
            139         8.1221      0.0049488        0.63071        0.72503         2.3762
            142         12.092      0.0046005        0.62043        0.78907         2.4039
            145         12.867      0.0046898        0.64743        0.81077         2.4171
            149         11.782      0.0039411        0.53779        0.76085         2.3854
            157         9.3216      0.0042846        0.25216        0.41142         2.2637
            158         1.5059      0.0041794       0.076289        0.17468         2.2577
            167         4.2071      0.0051422        0.34984        0.44955         2.2845
            174         7.1472      0.0040248        0.69896        0.79926         2.4169
            183         9.8779      0.0046794        0.77217        0.83072         2.4309
            184         3.0534      0.0036798        0.91766        0.84328         2.5574
            186         9.0172      0.0042637        0.81373        0.83174         2.4453
            187         14.504      0.0059232        0.91421         0.8406         2.5219
            189         4.1107      0.0025868        0.99391         0.8456         2.7397