      trialid   learning_rate posterior_div_weight     validklp       validnll
              6           0.01         0.4749      0.0010541         2.0696
             61           0.01         0.9999      0.0011459         2.0702
            148      0.0063141         0.9999     0.00024325         1.9769
            161      0.0062312         0.4613     0.00038375         2.0163
            174      0.0099116        0.46872     0.00062812         2.0266
            198      0.0058098          -0.05            0.0         1.9437
            236      0.0057028        0.50343      0.0002962         2.0155
            246       0.008747        0.49286     0.00088514         2.0513
            254      0.0088856        0.42848     0.00079329         2.0474
            272      0.0057309        0.99941     0.00028211         2.0092
            277      0.0057132        0.67669      0.0004097         2.0182
            293      0.0079213         0.4307     0.00075021         2.0388
            302      0.0093424        0.45057     0.00097114         2.0615
            323      0.0099815        0.42951      0.0012547         2.0771