      trialid       alpha_dup   learning_rate posterior_div_weight     validklp       validnll
             40           16.0       0.002889         0.5455        0.68857         2.8983
             42         6.5868       0.003452       0.077471        0.15324          2.726
             89         5.4663      0.0030075        0.42122        0.47917         2.8122
             95         1.3349      0.0023593        0.45523        0.53491         2.8614
            100         10.784      0.0034328        0.24223        0.34236         2.7631
            144           0.86      0.0030469        0.95611        0.83352         3.3943
            153         1.2233      0.0031299        0.13324         0.2277         2.7565
            156         15.744       0.002894        0.70574        0.76186         2.9608
            158         6.4007      0.0027152        0.52571        0.57916          2.871
            161         3.4528      0.0027889        0.51658        0.53244         2.8477
            165         1.6884      0.0029193         0.3509        0.48632         2.8295
            188         9.7229      0.0033525        0.93231        0.81013         3.0867
            189         1.1126      0.0031824        0.99872        0.84829          3.448
            192         12.939      0.0023509        0.98955         0.8307         3.1226
            195         15.532      0.0034561       0.071462        0.13193         2.7189
            199         10.164      0.0026421        0.86855         0.7938         3.0404
            203         12.888      0.0026196        0.66713        0.73108         2.9437
            206         12.402      0.0022987        0.45138        0.62713         2.8838
            213         9.5036      0.0025793        0.68276        0.73597         2.9516
            216         1.7904      0.0028921        0.28067        0.39709         2.7767
            217         2.8786      0.0026928         0.2557        0.40282         2.7819
            220          8.333      0.0027165        0.54402        0.63388         2.8881
            224          13.76      0.0028207         0.9999        0.82451         3.1035
            226         9.8726      0.0025057        0.59864        0.72787         2.9066
            232         15.188      0.0024301         0.7477        0.78727         2.9826
            234         2.9215      0.0031086        0.31557        0.41406         2.7833
            236         7.8006      0.0027249         0.8604        0.78969         3.0404
            237         2.0042      0.0026987        0.34113        0.45957         2.8059
            240         12.989       0.002731        0.95519        0.81684         3.0899
            242         1.0703      0.0083654         0.9999        0.84988         3.8611
            246         9.5309      0.0027072        0.95799        0.81705         3.1011