      trialid       alphadup   learningrate posteriordivweight     validklp       validnll
             94        0.86183      0.0078066        0.10012     0.00053916         2.0144
            103         3.2482           0.01         0.9999        0.61242          2.616
            104         1.0003      0.0095048         0.9999        0.58695         2.5644
            153        0.92848      0.0092545        0.66726       0.014896         2.0194
            161         1.6884      0.0059284        0.86698       0.037462         2.0214
            173         15.758      0.0088882         0.9999        0.62241         2.6326
            182         1.7052      0.0056852        0.88601       0.079071         2.0722
            188         2.4658      0.0057955        0.99358        0.43145         2.3957
            193         7.7415       0.005643      -0.031508            0.0          1.945
            223         1.1188      0.0056885        0.97359        0.16057         2.1506
            224           7.29      0.0062174        0.94726        0.16811         2.1544
            227         2.6006      0.0045843        0.99507         0.3293         2.3414
            228         1.4578      0.0049119        0.99225        0.51439         2.4863
            231         3.3885      0.0048047        0.99615        0.29411         2.2852
            232         4.0948       0.005783        0.90732        0.05938         2.0419
            233         4.9658      0.0054014        0.97732        0.37184         2.3538
            235         15.285      0.0061029        0.99488         0.5298         2.5259
            240           16.0      0.0059014         0.9999        0.80775         2.7909
            243         4.6979      0.0064717        0.90021       0.090906         2.0885
            244           0.86      0.0057256        0.96586        0.17339         2.1568
            248        0.88452      0.0054523        0.99159          0.406         2.3788
            255          1.648      0.0049355         0.9999         0.7662         2.7563
            256         3.2204      0.0062982        0.92893        0.12805         2.1173
            263         2.3728      0.0049723        0.97752        0.24068         2.2384
            267        0.97232      0.0056303         0.9999        0.73626         2.7058
            296         4.0191       0.005102        0.98421        0.32922         2.3118
            298         10.405       0.004568         0.9782        0.32763         2.2975
            299         12.403      0.0050715         0.9829        0.22448         2.2125
            300         5.3029      0.0050635        0.96899        0.13807         2.1354
            301         14.284       0.004862        0.97408        0.17515         2.1619
            302         7.3569      0.0052641        0.97534        0.23871         2.2249
            306        0.99644      0.0056043         0.9984        0.49582         2.4759
            308           15.7       0.005314        0.96853        0.18572         2.1666
            336        0.90156       0.004908        0.99606        0.70385         2.6448
            340         5.1337      0.0049365         0.9999        0.43697           2.41
            341        0.98338      0.0056289        0.99092        0.45339         2.4337
            348         10.704      0.0048448        0.98498        0.47636         2.4448
            350         3.1609      0.0048399        0.99609        0.37342         2.3744
            351         3.4405      0.0045857        0.99272        0.58957         2.6004
            358           0.86      0.0052666        0.97731        0.29977           2.29
            361         1.4873      0.0048483        0.98919        0.52044           2.51
            366         15.885      0.0049392        0.99987        0.85556         2.8617
            369         1.0009      0.0055876        0.96917        0.27434         2.2424
            370         9.8178      0.0047865        0.96903        0.19306         2.1858
            371         5.5461      0.0057005        0.97256        0.33521         2.3531
            374          1.765      0.0054006         0.9999        0.54926         2.5319
            381         15.837      0.0046117        0.96235        0.22853          2.223
            385         7.0716      0.0055146        0.96745        0.17743         2.1624
            394        0.97889      0.0071304        0.81644       0.064363         2.0681
            404         3.4392       0.007432        0.86617       0.095402         2.0932