      trialid       alpha_dup   learning_rate posterior_div_weight     validklp       validnll
             29         2.1214      0.0013682        0.94738        0.85165         3.4805
             85         5.1011      0.0072494        0.55678       0.081243         2.3693
             90         4.8922      0.0052117        0.79241        0.20555         2.4664
            103         3.8357      0.0046242        0.11516     0.00037534         2.2872
            109         8.5513      0.0058068        0.91984          0.432         2.7311
            117          2.757      0.0065695        0.66179        0.30038         2.6078
            134         13.612      0.0046275        0.05924      0.0006772         2.2924
            143         1.9228      0.0014393        0.95699         0.8511         3.4459
            146         3.8974      0.0049806        0.57732       0.027607          2.294
            170         4.1341      0.0048689        0.69011         0.1245         2.4562
            173         2.2145      0.0015161        0.89777        0.84882         3.4134
            178         4.7588      0.0047072        0.12056     0.00035258         2.2844
            182         2.7008      0.0049833         0.5949        0.05538         2.3255
            183         7.3954      0.0083835        0.90478        0.59726         2.9819
            190         2.1715      0.0062952        0.99123        0.80886         3.1204
            194         2.0195      0.0052153        0.99448        0.83044         3.1591
            200         11.278      0.0050037        0.79188         0.1215         2.3842
            207         2.5349       0.006382        0.74532        0.59686         2.8867
            209         3.4333        0.00398         0.9327        0.81436          3.128
            212         2.4909      0.0058761        0.68234        0.30913         2.6118
            218         7.6439      0.0053378        0.86094        0.24139         2.5065
            223         2.7311      0.0043364        0.90862        0.82848         3.1488
            234         1.5739      0.0062249        0.50091        0.69893         3.0261
            238         2.1197      0.0038175        0.86293        0.84781          3.184
            242         3.3771      0.0041291        0.86005        0.74204         3.0455
            249         6.9078      0.0075811        0.84861        0.39189         2.6915
            253         4.7316      0.0039853        0.95984        0.75214         3.0619
            256          9.529      0.0043727        0.99952        0.72704         3.0322
            259         4.4841      0.0044154        0.98365        0.81071         3.1254
            261         9.5372      0.0044976         0.1105      0.0004081         2.2875
            263         5.0258      0.0080725        0.58086        0.12284         2.4376
            268         2.3709      0.0039109         0.7371        0.77462         3.0857
            269         2.0425      0.0051507         0.7766        0.82087          3.129
            275         2.3426      0.0062044         0.7121         0.5076         2.8543
            276         2.1848      0.0039628        0.78785        0.82221         3.1383
            279         2.4067      0.0062803        0.67995         0.2764         2.5816
            281         2.3427      0.0055463        0.71726        0.39361         2.7006
            286         1.8602      0.0042332        0.66647        0.75909         3.0851
            295         8.1029      0.0077172        0.64282       0.084146         2.3804
            299          1.963      0.0078308        0.52662         0.2419         2.5656
            303         3.0962      0.0041298        0.87082        0.74666         3.0596
            307         4.3057      0.0049018        0.87402        0.49357         2.8232
            311         2.1782      0.0068187        0.60655        0.33032         2.6446
            318         4.4252      0.0036637        0.91826        0.75803         3.0692