      trialid       alpha_dup   learning_rate     validklp       validnll
              7         15.367      0.0036503        0.84396         2.5971
             23         6.8226      0.0038767        0.83583         2.5286
             26         15.539      0.0031167        0.84414         2.6206
             72         2.0952      0.0064865        0.45901         2.3713
             89         2.1068       0.005452         0.5365         2.4068
             91          2.619      0.0035862        0.71455         2.4202
            105         13.832      0.0043545        0.84157         2.5538
            107         7.8535      0.0042921        0.83491         2.5193
            120         5.7807      0.0041135        0.82493         2.5058
            124         6.3537       0.003702        0.83417         2.5146
            145         1.0203      0.0050781       0.014336          2.314
            154         2.8373      0.0035608          0.741         2.4678
            163         1.7518      0.0058864        0.45298         2.3153
            169         4.3152      0.0035311        0.80931         2.4929
            177         7.1745      0.0033545        0.83796         2.5401
            179         12.036      0.0042501        0.84097         2.5475
            182         11.704      0.0038497        0.84191         2.5612
            184         15.067       0.004004        0.84389         2.5707
            186         5.7228      0.0040502        0.82064         2.5035
            192          15.98      0.0046305        0.84211         2.5617
            194        0.94399      0.0048672            0.0         2.3127
            197         4.5192       0.004008        0.81868         2.4973
            202          2.949      0.0036168        0.72778         2.4665