      trialid   learning_rate posterior_div_weight     validklp       validnll
             16      0.0043966        0.76349      0.0062387        0.77782
             24       0.007684        0.79539        0.25789         1.3197
             31      0.0096959      0.0048924        0.53528         1.8514
             44       0.009955        0.68271        0.43907         1.6293
             59      0.0099009          0.239        0.46505         1.6859
             63      0.0089439        0.70882        0.43048         1.5701
             71      0.0051307        0.74172      0.0096416        0.78887
             77      0.0081286       0.072649        0.36687         1.4477
             79      0.0051723        0.20123       0.021626        0.81502
            100       0.006869        0.70008        0.17757         1.1582
            104      0.0069796        0.96544        0.19467          1.161
            105      0.0043843        0.41082      0.0072663        0.77991
            108      0.0083414        0.63685        0.39202         1.5196
            110      0.0057648        0.99117       0.034668        0.88288
            120      0.0094615         0.8617        0.49433         1.7279
            124      0.0076484         0.3568        0.20417         1.1983
            132      0.0071446        0.31721        0.19321         1.1597
            135      0.0074192        0.43222        0.26559         1.3394
            136      0.0070886        0.26585        0.36868         1.4792
            138      0.0073391         0.2659        0.23743         1.2791
            139      0.0080061        0.74506         0.2483         1.2962
            147      0.0037659        0.42802      0.0027328        0.72497
            150       0.007098        0.78793        0.14101         1.1012
            154      0.0072738        0.88575        0.21411         1.2483
            156      0.0071807        0.81465        0.23993         1.2863
            157      0.0069371        0.75268       0.095883         1.0228
            159      0.0035157        0.49088      0.0016937        0.72255
            160      0.0069905        0.42305        0.14867         1.1127
            166      0.0073132        0.76593        0.24281         1.2907
            168      0.0054069        0.12138       0.012424        0.80795
            169      0.0050086        0.12608       0.013791        0.81147
            171      0.0064321        0.13441        0.13509         1.0801
            178       0.007299        0.53951        0.17244         1.1354
            185      0.0033896         0.2977      0.0012384        0.71198
            188      0.0072458        0.23947        0.22559         1.2538
            193      0.0072685        0.55395        0.30157         1.3531
            198      0.0065526        0.93825       0.099672         1.0419
            206      0.0044235        0.29286      0.0060828        0.75144
            210      0.0056038        0.34544        0.04288        0.89528
            212      0.0063424        0.29378       0.054677        0.92818
            216      0.0068571        0.99565        0.20094         1.1887
            218           0.01        0.63201        0.49932         1.7713
            225      0.0039749        0.67089      0.0036313         0.7428
            226      0.0061765        0.67145       0.068111        0.95275
            230      0.0059755          0.836       0.053576        0.91755
            237      0.0060214        0.21903       0.031718        0.86206
            242      0.0028972        0.12546     0.00059755        0.70771
            243      0.0051091        0.17168       0.022374        0.82799
            244      0.0051362        0.59291      0.0066357        0.77978
            246      0.0043262        0.45418      0.0061837        0.76971
            249      0.0045637        0.15653        0.01197        0.79936
            250      0.0054908        0.14215       0.033312        0.88268
            261      0.0063506        0.59336       0.082821        0.99652
            270      0.0059407        0.22341        0.12416         1.0551
            275      0.0061252        0.76447       0.059291        0.93373
            276      0.0062654         0.2377        0.15531         1.1329
            277      0.0060926        0.88205       0.087062         1.0197
            279      0.0063238        0.16661       0.079224        0.96139
            280      0.0063326        0.87969        0.13416          1.062
            284      0.0060604        0.71005       0.038997        0.89028
            287      0.0036754        0.38099      0.0016793        0.71941
            288      0.0039796        0.32651      0.0035655        0.73561
            293      0.0073527        0.68373         0.1353         1.0939
            302      0.0078859        0.31166        0.28485         1.3431
            304       0.005773        0.55353       0.028152        0.84875
            306      0.0055062        0.22005       0.016967         0.8149
            310       0.006111        0.30435       0.080864        0.99134