      trialid       alpha_dup   learning_rate posterior_div_weight     validklp       validnll
            136           16.0       0.004104        0.98147        0.84483         2.5081
            211           16.0      0.0051161        0.99329        0.84508         2.5155
            229         15.983      0.0045871        0.55457        0.83133         2.3963
            235          15.25      0.0047339        0.48206        0.81687         2.3814
            283         15.724      0.0043955        0.51468        0.82837         2.3944
            334         10.162      0.0042288        0.99796        0.84553         2.5276
            356          10.05      0.0036791        0.25316        0.54354         2.3198
            358           16.0      0.0047514        0.30884        0.68347         2.3487
            370           16.0      0.0046115        0.64813         0.8386         2.4124
            375         8.1666      0.0043147        0.31478        0.59183         2.3285
            381         8.4992      0.0038363        0.27943        0.53165         2.3152
            394         10.079      0.0043014        0.27181         0.5566         2.3232
            399         13.713       0.004739        0.28648        0.60519         2.3303
            417           16.0      0.0043166        0.29558         0.6938         2.3613
            420         9.7421      0.0041361        0.34072        0.64914         2.3443
            425         12.953      0.0043828        0.28867         0.6126         2.3376
            452         11.414      0.0040367        0.29516        0.64294         2.3424
            459         12.636      0.0046882        0.30152        0.63938         2.3385
            468         14.692      0.0046864         0.4039        0.75467         2.3725
            481         15.908      0.0041285         0.9999        0.84558         2.5366
            499          12.31      0.0043504        0.34791        0.68707         2.3526
            507           12.0      0.0044421        0.34289        0.65208         2.3461
            520         13.069      0.0042959        0.34196        0.71938         2.3641
            523          10.52      0.0047478        0.39076         0.7149          2.363
            526         12.088      0.0042275        0.95405        0.84454         2.5007
            537         11.509      0.0039326         0.3718        0.72539         2.3677
            540         13.621      0.0042884        0.35323        0.71611         2.3636
            546         12.834      0.0037197        0.88724        0.84366         2.4873
            552         15.705       0.005944        0.83025        0.84215         2.4154
            558         4.2868      0.0042265        0.13296        0.25108         2.2878
            559         14.211      0.0046524        0.36715        0.73107          2.369
            586         14.076       0.004443        0.39659        0.78472         2.3797
            613         11.501        0.00413        0.20042        0.45684         2.2993
            614         12.784      0.0042218        0.39914        0.76357         2.3727
            621         4.1512      0.0040624         0.2019        0.35893         2.2907
            623         14.802      0.0041641        0.82172         0.8431          2.464
            657         5.3297      0.0042975        0.20898        0.37437         2.2927
            669           16.0      0.0041236        0.57824        0.83626         2.4046
            695         15.805      0.0043242        0.37808        0.75201         2.3718
            733         5.1789       0.004208        0.25575        0.41652         2.2944
            736         15.507      0.0043848        0.39403        0.77842         2.3777
            751         15.083      0.0045988        0.55267        0.83245          2.397
            753          13.63      0.0046984        0.40481        0.76438         2.3776
            761         14.102      0.0022754         0.9999        0.84565         2.6807
            769         11.319      0.0050375        0.42906        0.74726         2.3703
            770          15.86      0.0044075        0.86766        0.84337         2.4736
            774         11.626       0.004035        0.21306        0.48495         2.3088
            776         13.161       0.004513        0.61316         0.8345         2.4008
            799         11.502      0.0039788        0.36283        0.72784         2.3684