      trialid   learning_rate posterior_div_weight     validklp       validnll
             76       0.001073         0.4275        0.43766         2.7845
             88      0.0044998       0.095783        0.18654         2.2598
            116        0.00471        0.58657         0.3362         2.2746
            118      0.0034637        0.47792         0.3903         2.3349
            126      0.0048967        0.20727        0.21865         2.2634
            132      0.0040589        0.20052        0.26642         2.2662
            149      0.0042066        0.41339         0.3399         2.2936
            161      0.0027653        0.55342        0.42648         2.3873
            177      0.0040196        0.61479        0.37263         2.3005
            184      0.0039028        0.41727        0.34014         2.2971
            185      0.0039139        0.51578        0.34639         2.2984
            186      0.0033963        0.53477        0.41159         2.3384
            191      0.0034258        0.36355        0.37766         2.3224