      trialid   learningrate posteriordivweight     validklp       validnll
             11           0.01         0.9999        0.40005         2.7753
             67      0.0073806        0.41711       0.060346         2.2654
             70           0.01        0.39377        0.32569         2.6592
             90      0.0064218        0.22454       0.038561         2.2185
            112      0.0068979        0.77282       0.035919         2.2111
            115      0.0068795        0.64415       0.050905         2.2271
            128      0.0099992        0.33085        0.40461         2.8465
            130      0.0093592        0.31004        0.33284         2.6849
            131      0.0099988        0.17725         0.4576          2.901
            140      0.0082287         0.3823        0.16495         2.4158
            150      0.0061733        0.45624       0.021068         2.1993
            157      0.0064792        0.55265       0.016807          2.172
            167      0.0071433        0.73915       0.059742          2.256
            169      0.0075186        0.69648       0.082769         2.2961
            179      0.0078063         0.9999       0.090338         2.3116
            190      0.0080265        0.29316       0.066837         2.2848
            191      0.0065607        0.27374       0.027669         2.2092
            193      0.0077745         0.3189       0.097034         2.3155
            194      0.0076084        0.20933        0.06595          2.279
            199      0.0076879        0.32196        0.17984         2.4264
            203           0.01        0.24097        0.49722         3.0393
            206      0.0073566        0.38491       0.090135         2.3037
            211      0.0099953        0.24192        0.44429         2.8558
            227      0.0099787         0.9999        0.45807         2.9396
            230      0.0080372        0.39716        0.11934         2.3466
            234      0.0079674         0.3875        0.14349         2.3875
            251      0.0083829        0.25671        0.23284         2.5204
            252       0.008294        0.19097        0.24732         2.5231
            264      0.0079923        0.93793         0.1105         2.3426
            265      0.0082865        0.22401        0.30107         2.6143
            296      0.0081149         0.9999        0.17518           2.42
            302      0.0083981         0.9999        0.29942         2.5936
            307      0.0084849        0.23084        0.15306         2.4033
            316      0.0082279         0.2434        0.12002         2.3519
            326      0.0079909        0.87612       0.088933         2.2992
            334           0.01        0.23533        0.45256         2.8649
            337      0.0078523        0.31636       0.099272         2.3237
            340      0.0079778        0.24538       0.063657         2.2697
            344      0.0078014        0.58017          0.138         2.3625
            349      0.0084232         0.1811        0.22894         2.4565
            351           0.01         0.1975        0.32928         2.6594
            360      0.0077071         0.9999       0.076347         2.2879
            364      0.0078962         0.9999       0.097779         2.3232
            365      0.0091338        0.24906        0.31012         2.6162
            372      0.0082501        0.20911        0.14924         2.3945
            399      0.0077291         0.9999       0.066613         2.2812
            403      0.0078889        0.26619        0.10848         2.3304
            405           0.01        0.22741        0.43426         2.8535
            407      0.0080918        0.26881        0.13922         2.3825
            428      0.0086387        0.28572        0.19299         2.4476
            444       0.008477        0.26071        0.28613         2.5316
            453      0.0081454        0.89429        0.06841         2.2871
            456      0.0077465        0.77163        0.12934          2.356
            468      0.0085876        0.50695        0.36055         2.7053
            482      0.0087555         0.2296         0.3669         2.7326
            484      0.0085401        0.27242        0.13893         2.3755
            495       0.008372         0.9999        0.18133         2.4455
            517      0.0086455        0.26705         0.3136         2.6509
            520       0.006637        0.68289       0.025058         2.2055
            530      0.0086929        0.25647        0.28784         2.5892