      trialid   learning_rate posterior_div_weight     validklp       validnll
             80      0.0051559        0.55814        0.31189         2.1188
            106      0.0048506        0.43307        0.30419         2.1095
            115       0.001838         0.5431        0.41817          2.363
            123      0.0053817        0.70975        0.28731         2.1086
            142      0.0031989        0.48987        0.41763         2.2107
            156      0.0040781        0.49401        0.34121         2.1312
            168      0.0031786        0.35909        0.38513         2.1746
            173      0.0041987        0.44046        0.35695         2.1423
            182      0.0044995        0.62294        0.31437         2.1282
            183      0.0038614        0.59334        0.35984         2.1568
            246      0.0054332          -0.05            0.0         2.0822