      trial_id   learning_rate posterior_div_weight     validklp       validnll
             21      0.0028009        0.40014        0.42518         2.2173
             22       0.009264        0.22556        0.17157         2.0823
             73      0.0077424        0.20383        0.14267         2.0661
             80      0.0030784        0.41996        0.40919         2.1932
             91       0.008175        0.78689        0.24057         2.0879
             98      0.0074431        0.61704        0.27686         2.1068
            110      0.0023686        0.48218         0.4333         2.2601
            125      0.0039349        0.69856        0.37691         2.1506
            157      0.0039122        0.55712        0.38808         2.1615
            164       0.004825        0.63328        0.35743         2.1327
            165      0.0031652        0.49866        0.40936         2.1953
            171      0.0020061        0.42177         0.4394         2.3122
            177      0.0032289        0.55096        0.40917         2.1827
            187      0.0050071        0.70982        0.33387         2.1075
