      trial_id   learning_rate posterior_div_weight     validklp       validnll
             13      0.0055045        0.13605          0.013           2.29
             33      0.0093982        0.46057        0.16742         2.5569
             61       0.008984        0.13934        0.10648         2.4372
             77      0.0061192        0.99566       0.026116          2.313
             87      0.0052762        0.38019       0.011008         2.2838
            102      0.0099765         0.9999        0.29878         2.7402
            108      0.0081406        0.98543         0.1194         2.4753
            113      0.0075774        0.95147       0.094641         2.4128
            117       0.006805        0.94722       0.044473          2.337
            121           0.01        0.76274        0.33147         2.7451
            126      0.0097734        0.65095        0.25881         2.6812
            127      0.0098395        0.44187        0.25482         2.6768
            130      0.0096633        0.12551        0.17185         2.5618
            131           0.01        0.59321        0.18888          2.572
            136      0.0090945        0.59791        0.10675         2.4551
            145      0.0060671        0.32975       0.026726         2.3263
            149      0.0051365         0.3909      0.0081188         2.2767
            151      0.0089919        0.49995        0.23853         2.6692
            153      0.0091063        0.98146        0.13873          2.501
            159           0.01        0.99946        0.26639         2.6921
            172      0.0058246         0.7616       0.018015         2.2995
            174      0.0063546        0.97864       0.032516         2.3329
            176       0.006205        0.96677       0.026998         2.3269
            179      0.0052643        0.53796       0.010533         2.2794
            181      0.0084794        0.80021        0.15133         2.5175
            185       0.006293          0.984       0.027039          2.331
            191       0.009148        0.83123        0.22979         2.6206
            199      0.0093694        0.44175        0.12591         2.4918
            200      0.0057072        0.19101       0.014837         2.2959
            205      0.0055508        0.18958       0.012609         2.2838
            206      0.0054879        0.22867       0.012677         2.2877
            212      0.0074726        0.46839       0.069787         2.3736
            213      0.0067492        0.25507        0.04575          2.344
            222      0.0085161        0.91481        0.12557         2.4884
            225      0.0049237        0.33987      0.0062267         2.2667
            231      0.0081025        0.98939        0.18192         2.5639
            236      0.0049933          -0.05            0.0         2.2613