      trialid       alpha_dup   learning_rate posterior_div_weight     validklp       validnll
              8         6.4752      0.0029605        0.49062         0.5207        0.91523
              9         2.0445      0.0031986        0.45059        0.50332        0.91036
             12         1.3414      0.0030047        0.29605        0.35784        0.84831
             14          10.23      0.0016111        0.60928        0.76062         1.1179
             16         3.2008      0.0022858        0.18417        0.31912        0.81898
             21         3.9091      0.0031892        0.47123        0.48097        0.88828
             33         11.423      0.0033336        0.24923        0.35171        0.82907
             58        0.86373       0.005389        0.99886        0.84778         1.5156
             60         0.8862      0.0026491        0.11046        0.16281         0.7568
             63         14.622      0.0046613         0.9752        0.84043          1.216
             64           0.86      0.0092857         0.9999          0.851         1.8949
             72         2.0311      0.0024454        0.29015        0.41159        0.86207
             73         1.7609      0.0035109        0.92638        0.84001         1.1987
             83         6.6214      0.0024733       0.090274        0.21853        0.77195
             88         5.4998      0.0025272        0.62152        0.64723        0.99217
             95         14.412      0.0022301        0.37493        0.54374        0.93238
             99         3.5874      0.0037837        0.38967        0.41927        0.87665
            113         2.0387      0.0027057        0.15835        0.27558        0.79393
            114         4.1403      0.0020167        0.22925        0.41753        0.87565
            115         12.539      0.0037599       0.061324        0.15339        0.75081
            116         7.7364      0.0030813        0.54581        0.62454        0.97687
            117         10.256      0.0020921        0.21217        0.37478        0.85102
            118         2.9382      0.0022534        0.58139        0.56494        0.95505
            120         11.538      0.0036683        0.89009        0.83866         1.1323
            122          9.199      0.0016294         0.9999         0.8474         1.2769
            164         12.091      0.0036386          -0.05            0.0        0.72444